25 4
0100010101001001101100101
1 5 13
1 2 18
1 1 10
2 5 9

0100010101001001101100101
0100001100100101011100101
0111101010010011000000101
0001010111110011000000101
00010*101111100*11000000101

01
00
01
01
01
00
10
01
10
11
00
10
1

0100001100100101011100101
0111101010010011000000101
0001010111110011000000101
00010*101111100*11000000101

1 13 12
1 9 13
1 9 16
1 11 11
1 11 13


1 2 18
1 1 10



25 14
0100010101001001101100101
1 13 12
1 9 13
1 9 16
1 16 9
1 19 1
1 10 1
1 11 11
1 20 1
1 11 13
1 5 13
1 2 18
1 1 10
1 20 1
2 5 9








15 3
101010010011011
1 8 3
1 3 11
2 9 2


15 5
101010010011011
1 8 3
1 3 11
2 9 2
1 7 8
2 0 15

101010010011011
101010011001011
101101001100101
101101001*10*0101
101101010100110
*101101010100110*

20 8
01000101010010011011
1 16 2
1 1 8
1 17 1
1 13 3
1 8 11
2 14 2
1 12 8
2 5 15


20 14
01000101010010011011
1 16 2
1 1 8
1 17 1
1 13 3
2 4 15
2 15 4
1 8 11
2 7 5
2 18 2
2 14 2
2 18 2
2 12 1
1 12 8
2 5 15













