opdtirvieewaaosuilrcggkqrzgkyusoibmiggxnqfgjczmjwyfvxymurnencgbriwpteyclvlpwwbmfgcnxzfkjiprqaigyumnw
100
26 71
10 46
1 92
6 65
43 64
44 94
87 91
9 38
17 70
70 77
100 100
51 69
18 52
83 91
32 51
47 67
31 85
42 85
40 97
53 55
56 71
100 100
23 75
43 94
48 71
45 60
23 100
52 87
58 94
91 98
12 79
98 99
57 71
69 78
3 66
8 64
62 84
55 94
92 97
80 96
93 93
12 30
8 15
25 83
27 37
62 69
54 73
68 85
100 100
86 93
28 94
18 96
49 60
98 100
18 85
79 82
22 24
13 37
89 91
72 84
24 98
12 21
5 39
57 73
80 82
59 71
86 98
59 65
41 49
84 91
81 96
82 84
9 33
70 74
95 98
15 24
35 63
33 59
64 74
22 97
97 98
31 68
13 77
79 86
67 92
45 98
50 69
40 65
73 76
85 94
71 82
33 85
27 78
46 90
85 85
53 58
95 97
91 99
53 68
63 88
