30 53 28
422793985 861376177 106104149 924133441 384990409 711589839 712789487 710797412 989505311 450230441 63633086 617642191 269585859 951218355 453765239 730834492 735661435 331767815 938447119 332532806 314933905 591013861 105331778 905817581 657434960 250872109 551831056 954389526 537065098 265867495
8 23
5 29
13 11
29 23
24 26
26 9
1 10
30 26
22 16
19 17
26 19
28 4
26 18
15 22
19 20
1 29
16 19
9 14
24 26
9 1
29 2
9 5
8 23
3 30
23 3
19 15
7 29
28 11
9 30
18 8
22 26
8 22
15 10
1 5
29 14
11 14
7 14
28 2
23 20
22 16
25 12
26 3
22 25
27 20
13 9
23 10
25 21
30 7
17 25
23 11
1 13
8 13
5 21
13 7
21 10
12 30
9 5
6 16
7 17
19 6
9 5
17 2
6 13
27 28
27 3
8 30
24 27
5 2
19 30
22 17
10 4
15 11
5 22
13 25
11 5
21 10
6 8
17 22
23 11
15 30
6 10
