82 42 7
124653495 830611733 800788053 122841924 13502303 54293300 69587568 892820615 534859296 837688741 967093161 172169220 684961485 935820456 175024631 269887725 412033184 898113412 533070324 874353082 644806068 797316352 184410461 306518183 820587402 395724778 675078550 486360625 555293573 306381204 922920484 337505693 40634734 349860434 942666032 317254001 918607856 156886525 651597323 179809785 796877085 231827571 223458724 30910915 327493351 807631380 708001556 189113891 579359656 392827462 529750035 995872176 392001690 989147123 731784575 341834949 737145440 632192006 725092316 909011457 501739388 721806834 668128719 332924103 166133462 570007594 678936738 973062079 573348411 406483626 162526916 211874131 922262236 929631085 432265286 392797235 691055563 508868340 366622046 342065106 987755649 284212934
48 56
9 70
54 4
56 76
81 49
53 20
13 76
33 58
12 29
41 15
51 50
11 17
19 17
7 60
81 46
11 17
47 28
72 69
18 24
55 61
68 25
74 20
75 77
70 71
39 72
15 14
19 3
61 55
9 80
40 25
38 37
23 72
80 37
7 55
31 81
43 33
63 72
36 23
63 28
73 9
31 64
39 22
5 74
1 38
80 72
48 42
14 68
18 28
70 33
