81 20 44
976968958 239235847 146218096 94825267 716509958 456583571 25988805 80907276 730622405 254186022 650523996 405708490 693601660 274016333 438135897 611155629 315151438 397608473 834225665 729631158 902723780 653851296 576412990 426837806 867619914 950477433 652506142 579918879 456922032 500132420 156889684 955703257 991082409 768913696 44514230 327717999 745009487 647562035 59228861 803988279 105394333 615882790 263679240 661742414 34791156 646381990 197079513 796748306 286245271 400229348 352334998 440529318 532530734 781080598 384268105 799021937 483331399 805613300 922584865 703991455 889476304 292594492 862578927 831957663 181271199 231217710 989434794 564007331 894977258 961261072 241885931 992008995 855460047 36275371 856332658 931250266 318389453 422724556 28527007 325465287 249697609
71 57
50 21
81 75
60 73
70 47
51 59
13 38
79 76
3 4
72 6
31 77
60 64
74 8
11 17
59 81
13 26
2 69
16 17
25 24
12 32
21 75
26 57
34 49
63 51
31 62
16 17
37 23
10 36
42 58
43 80
41 70
69 64
71 38
51 19
47 51
80 45
32 52
40 69
30 56
52 69
37 16
52 5
52 15
71 52
78 14
26 22
57 61
66 14
26 51
70 23
22 47
35 11
52 48
30 77
7 60
72 50
65 41
11 65
52 58
74 68
12 77
19 69
26 52
27 65
