70 25 100
589532364 384137194 689068880 196645219 199840255 709497533 835961920 69134738 17180441 174290612 978440437 907224983 7903143 150512112 780967086 296741785 662902202 471735991 989207918 443463710 459496040 407433715 655029373 243199634 93067336 537072050 558292710 212291527 424662010 753316775 845183479 336323184 909172381 813248935 573389251 346044324 774020695 303381550 804127139 759524193 602047697 641519320 621842609 564041991 715665336 110756072 223331915 535022553 718947133 18382788 77224086 503965568 816971926 695814518 775484153 974765191 689899643 377628973 322608798 559039200 163275177 294344122 415223540 422838877 795001187 111337492 712185903 330563384 448885740 195982804
70 67
4 39
1 17
16 54
17 24
25 33
26 50
29 56
12 14
38 50
52 62
47 27
8 29
43 2
7 41
33 69
38 66
51 13
49 27
20 66
31 26
49 29
19 11
10 4
40 30
53 63
32 12
5 29
32 39
63 43
68 31
4 60
58 62
56 18
15 29
26 29
45 59
13 35
33 63
51 32
42 61
16 68
45 65
10 40
62 55
39 44
19 7
35 33
30 33
15 66
52 6
18 35
1 53
40 45
20 29
30 32
53 21
17 48
64 57
66 28
62 47
69 37
4 9
55 19
15 58
57 35
67 58
5 46
41 48
34 53
63 30
56 17
53 67
55 32
59 57
45 26
57 2
8 52
11 41
48 12
39 23
31 64
62 9
62 40
44 26
13 34
2 23
22 66
34 62
33 6
34 25
8 55
18 15
63 50
4 34
18 70
48 61
37 13
56 63
69 17
19 26
62 36
36 65
24 31
37 44
41 20
14 21
67 53
13 6
64 36
56 3
49 29
70 12
29 51
14 64
44 31
46 36
20 3
34 61
23 50
10 3
48 59
59 40
33 56
28 59
