84 83 91
265825277 244237963 398738646 909025266 666162839 937865462 273227899 293097683 151405540 130552475 902613187 450940473 582343741 432238515 149126539 283966126 824324897 598199351 69014033 63676095 52281778 369139303 617100668 858553726 142430006 511792967 948933970 843920127 431629719 267255069 65003520 271083227 622204388 357055989 974970198 58967728 650390222 200755741 113421576 743947422 682473771 621120681 449684270 612616139 743847031 946662384 966411972 348837601 513092430 811974157 551354923 456364683 974579699 660879199 431085478 993018875 776267981 28172041 157083614 976728423 99266788 993260402 358370911 311767175 84578920 748234951 555409945 153789209 850108203 536050548 960823263 691955550 643211554 265739951 815082731 600120474 848934119 64095981 615206232 926812055 829639226 681499755 504948903 402089762
63 82
23 37
50 19
1 52
80 72
56 72
67 61
46 31
14 56
81 5
54 29
15 81
74 27
7 78
16 57
81 22
6 38
58 39
10 33
65 73
2 74
7 73
80 31
37 5
59 20
57 81
29 7
84 60
83 1
27 61
48 7
37 23
2 50
23 41
20 48
4 30
6 76
9 50
16 10
78 51
35 24
43 82
42 62
52 71
14 31
14 80
43 38
56 55
73 38
34 79
84 7
33 23
16 34
33 76
73 49
2 82
65 16
20 10
1 25
3 43
60 58
71 48
16 37
52 28
46 59
32 18
54 78
84 17
75 57
49 84
8 76
78 11
22 16
15 51
68 8
62 84
3 80
35 4
61 71
19 81
23 25
14 19
36 44
59 47
12 7
71 42
23 4
82 16
50 59
46 39
64 28
68 16
81 2
43 9
45 24
17 44
70 69
65 7
2 26
36 31
18 7
76 43
26 53
12 31
71 23
67 64
19 44
40 59
55 66
14 36
38 72
4 40
48 10
51 40
42 23
63 18
7 45
20 11
72 39
74 79
16 58
17 13
69 48
62 65
45 75
16 75
54 20
20 70
10 2
78 79
63 11
46 74
32 26
48 61
23 55
83 72
17 46
42 30
1 36
22 50
1 21
17 47
67 21
27 29
6 82
51 50
46 15
79 30
16 4
53 3
63 24
19 17
28 66
80 23
67 20
4 69
32 31
40 15
59 49
44 49
8 70
3 29
72 12
6 62
69 78
10 57
50 17
45 43
21 82
21 72
56 37
1 83
53 65
42 36
