47 42 63
176790680 926068611 890143005 694284036 149636239 243596371 429561690 472431942 493960374 35692956 751521137 554561891 832310513 503801241 639588473 965491478 296436907 212499880 89429325 424163199 792806735 307613899 463535884 793648035 865560784 210185768 258002330 583931626 937582114 716623754 207309341 591137695 367714750 713646045 105429888 432712564 547381282 591326133 587187443 926883323 946873423 692431816 545675881 829873454 314223689 394575215 497040152
15 30
38 29
17 22
37 36
29 28
26 17
27 3
21 16
28 15
5 41
43 38
28 20
35 29
15 29
12 26
29 8
30 9
35 1
22 32
41 22
4 33
47 24
28 47
28 36
21 24
12 4
3 39
29 7
17 32
8 10
13 7
10 13
41 11
38 15
29 27
3 5
28 16
7 43
42 5
35 3
4 7
25 43
31 44
31 30
34 16
42 41
32 36
19 17
9 4
20 27
11 5
41 20
30 43
28 24
32 13
4 31
5 44
41 43
10 29
11 19
14 32
31 11
30 39
32 1
41 15
37 11
46 33
39 36
46 47
7 3
26 10
15 6
36 45
31 18
19 47
21 9
16 45
28 44
47 40
35 3
45 12
18 6
11 19
33 2
25 8
31 41
1 4
10 2
30 23
36 24
31 9
24 30
1 28
47 6
39 31
41 14
18 35
1 39
9 10
24 38
1 32
36 43
19 33
22 47
41 25
