39 21 83
553496596 717672070 554785426 809623334 7527186 377693002 222976334 146219800 80448059 188921884 172374378 850272071 184695985 742765881 420972042 884982978 990692794 301235110 592927413 559701408 971824448 967142313 318167000 56638329 625298002 943423309 781350211 17294827 81257889 503718627 195745450 964993814 567955972 943368060 464947749 671168545 95374068 472699247 828898992
20 14
25 39
16 31
7 35
5 24
30 26
20 32
38 39
33 39
3 11
8 19
2 23
5 31
4 14
29 8
15 35
6 2
20 19
11 7
4 18
8 31
35 19
11 28
35 5
11 34
23 9
38 11
18 7
30 5
30 39
1 18
17 15
2 19
21 18
3 25
32 35
38 8
14 34
22 12
2 38
30 16
16 22
1 4
12 9
18 39
27 31
19 16
16 2
15 29
23 37
13 2
18 24
19 10
10 2
32 16
18 25
35 8
7 22
23 28
19 15
29 8
21 14
4 13
35 19
2 27
19 31
33 11
14 19
7 2
9 12
15 34
3 35
21 11
19 6
13 37
18 9
31 25
1 4
39 38
26 28
37 22
37 16
30 15
15 22
29 8
22 29
37 27
10 29
38 11
8 24
2 27
9 31
15 21
38 35
30 38
15 34
10 22
22 26
15 25
29 31
32 23
24 11
22 23
25 28
