66 46 5
4958310 349251188 867181433 72173716 795405347 742219452 593359398 934126091 181801029 792479966 125903949 7467123 866901336 771762382 519431760 738165983 744818866 759910116 72728468 724478220 435854056 484467293 768476418 153104854 451594327 36856279 933091207 802173889 362468252 720487385 627222164 69066097 185568796 722173769 331625118 398522418 428132477 136163316 281346975 37763697 404280107 766053641 125897619 354475072 350502612 971762078 950848252 248527830 466227948 524054826 178723679 304342541 995358762 83174921 593043909 599390434 521195273 488134140 623437627 608099833 687992904 481316006 209284946 119089943 154084715 194528784
63 8
57 17
8 56
48 57
39 46
64 50
8 3
21 4
8 4
42 63
24 62
11 28
21 33
26 3
63 33
29 30
50 29
43 66
24 36
8 38
65 49
13 22
2 10
40 14
35 29
10 64
16 1
33 21
59 17
18 56
64 13
46 23
45 58
40 6
7 64
61 23
56 32
53 55
36 61
16 50
62 29
26 66
3 8
10 36
24 44
16 20
36 18
55 30
21 62
51 30
26 36
