57 60 74
290411831 101765755 720231725 342218790 328068064 619099130 276137870 356454875 14790365 121957821 214748483 996056239 794363304 589967387 825087304 257055564 693682398 789527855 379457022 661093981 131480770 734928728 576843689 529772820 88077755 695273401 881939695 803387303 230933201 438231738 387320159 37601742 49230388 922508421 238924264 832567111 810031029 190016394 124029278 66892371 319079755 349204731 85176568 453278262 728816016 734245713 953583828 581437882 730281538 906123461 459648114 916905388 434091714 618942936 499925301 872948574 2692760
12 50
51 38
30 52
55 19
31 9
43 2
39 35
33 39
8 49
3 16
23 35
30 38
52 2
22 6
10 28
1 23
35 20
33 44
42 28
39 50
34 18
47 5
22 55
34 27
25 16
54 55
32 48
4 33
54 36
55 44
11 26
18 6
6 37
38 55
19 6
8 19
23 20
27 53
14 45
24 12
55 2
48 15
4 11
14 23
42 1
17 35
44 48
26 44
46 36
36 39
23 13
27 13
31 39
54 18
3 4
39 51
21 42
1 39
40 56
5 12
4 23
49 39
5 16
21 30
17 54
27 12
40 52
53 29
38 12
41 54
18 37
22 32
41 17
52 54
6 27
34 55
10 45
14 27
13 24
37 24
9 42
37 19
51 17
55 54
45 53
29 21
39 12
18 25
54 12
57 43
1 13
45 57
34 42
33 30
3 39
15 19
39 7
49 33
24 34
38 28
50 40
11 31
29 46
30 56
34 5
44 2
26 54
50 5
43 46
56 19
10 26
13 19
29 10
57 22
7 44
40 27
16 34
49 56
51 20
46 40
49 16
42 13
32 20
7 51
9 1
21 1
55 26
20 39
27 42
44 56
18 4
21 37
12 23
10 15
