57 53 50
668893330 98502948 345775426 256153431 697388434 278496754 67013115 965091674 247217862 978094301 800131281 73609498 281158803 836756641 113901916 997477078 155255009 798099738 91934456 759112235 276411807 140032971 667405634 512328351 583723325 276322906 249911966 322210330 185315120 397934865 159516340 532656488 307053681 423704415 336134895 544718008 137691134 221089365 375112445 574802975 296323416 483120426 575951186 701013014 590943492 388093368 89889188 501042168 765894410 872109820 867739504 837531269 370052473 664456089 856774772 72557154 744062689
10 7
8 27
48 26
5 56
18 7
26 31
16 45
44 43
21 52
52 29
3 7
9 16
15 35
6 4
9 51
48 40
56 15
34 52
7 56
3 39
53 34
36 4
33 45
55 15
51 17
4 14
8 53
43 51
54 35
1 13
39 12
55 19
55 6
40 30
56 33
57 29
21 40
31 24
13 23
21 19
27 39
57 9
32 15
52 47
39 24
44 18
52 36
28 8
38 36
1 14
9 3
9 29
31 39
23 53
21 27
12 44
7 52
19 51
41 7
4 44
56 12
11 24
29 50
23 37
36 29
21 4
9 43
11 45
56 32
17 29
24 9
11 9
13 54
30 17
33 15
46 30
6 32
40 17
34 3
55 53
34 28
8 14
41 55
10 36
32 8
45 1
48 50
22 48
15 5
8 53
52 12
44 21
11 22
3 33
35 57
37 6
54 26
42 25
31 44
37 20
10 6
4 19
4 40
