60 64 66
790678218 67573761 806470083 546828273 960872778 508982781 730905809 94056717 455456656 775163308 675222220 727858667 826995804 562701700 868787048 535371841 961591668 753710238 184962460 219199661 829921312 461335865 242417187 691335982 802322351 355077431 59853308 941085097 496140786 25224351 749427947 461998181 85910972 631021593 954034165 618446479 598296424 768896373 315159528 200591031 947273042 901100580 463197137 303685969 547063900 819237309 198777731 584411445 220159083 132423802 257784855 732016160 860661992 282457528 820566118 883887409 220476736 237764219 683235217 223425900
12 15
50 3
42 32
48 35
34 59
19 51
17 23
58 10
33 9
7 28
15 44
22 6
8 6
14 34
1 36
46 42
52 22
22 50
40 17
19 42
12 24
23 18
1 15
47 21
35 59
34 25
52 16
17 49
57 1
31 8
55 47
43 35
33 28
39 36
51 23
7 38
11 38
60 26
28 27
56 39
34 48
20 54
1 27
45 7
34 60
48 2
49 45
31 46
49 13
5 54
6 14
29 27
11 29
16 55
14 54
46 9
43 6
49 11
16 20
34 27
2 28
26 30
27 42
59 20
46 35
48 54
22 19
48 50
55 42
4 19
40 12
24 54
7 2
50 22
12 50
39 25
58 14
44 33
13 25
3 48
42 12
35 4
6 43
19 4
24 42
60 41
26 21
30 41
44 48
48 3
28 15
5 30
27 14
47 54
43 23
31 50
7 55
31 60
7 5
55 35
41 43
1 24
40 59
9 10
53 32
29 15
37 50
46 4
40 25
21 1
6 38
40 42
36 37
35 7
11 5
55 25
18 35
17 43
23 32
36 26
34 26
31 25
50 39
28 29
53 18
36 18
48 36
33 9
1 40
14 24
