54 35 7
913176927 573266426 686558470 172091647 439077696 431804685 365206020 580464976 933962067 308538790 467300252 773687209 722179170 350701549 951695643 793535366 931040859 888201164 556630833 235534433 191690961 429156211 324514931 19591230 571347833 589917652 713502167 765904416 552052911 137986855 795312954 27596945 106512367 66625384 925727709 450970654 734949980 527964372 885837540 255327705 75173180 86516336 17926614 302569942 873934969 293593730 738970400 643753902 848844578 802560790 624395922 450674943 271587304 565718650
38 21
47 8
36 2
33 31
20 33
28 45
23 4
5 13
20 54
13 2
48 8
10 53
29 28
38 49
25 38
37 1
11 47
26 32
49 9
11 36
12 20
54 33
51 3
37 51
35 10
52 22
24 39
14 45
24 47
19 8
5 36
8 19
1 18
12 4
24 48
34 38
28 27
36 14
29 39
28 31
36 12
46 38
