100 84 49
754107565 243343032 935621352 596051624 99120171 678685440 360102749 883297961 966555217 910115825 950545484 525355698 288004292 23685811 396174442 929905229 918035050 263022417 296297457 302660137 498325999 143420220 24325918 309069975 508625473 743424457 3314353 721031181 603443989 913028782 430949488 801122727 258522464 194449033 593595811 209873825 759978462 406607193 72782745 480499678 164001678 194557187 800920098 422403172 710872627 81045454 893179412 741730270 212574421 810892007 954326471 273581593 147820094 286659806 129718680 833609351 701804926 779926567 461353065 374082239 94427240 690775451 718891039 426020091 157598738 181409524 576503331 567492760 614112089 858486612 487450082 104507033 426077019 601697215 856166221 385539621 417256954 95270812 947261274 227574533 780035680 735246648 571054209 810097703 462508406 124408899 133283647 792650781 764466283 858156112 748519062 32010655 412671283 747570521 982178955 731516932 31584005 321978938 720538791 891072973
100 77
63 87
60 77
77 8
22 76
96 10
91 98
67 47
89 69
87 54
40 88
56 77
7 86
52 9
57 73
52 13
96 81
33 7
89 33
44 13
78 42
67 1
86 23
73 42
93 82
22 41
94 5
17 65
15 34
88 3
52 11
84 43
52 79
38 89
78 80
32 92
90 74
81 39
66 2
40 11
97 16
74 30
55 77
35 27
95 23
33 52
52 24
77 71
28 79
52 65
76 88
8 90
70 81
76 99
78 88
31 2
54 70
58 38
33 11
93 88
55 15
46 83
76 98
42 17
61 69
58 12
34 23
56 82
59 45
83 65
6 99
18 95
18 25
22 63
31 47
55 43
80 97
84 68
8 35
4 53
6 54
5 96
72 25
16 44
20 37
23 89
18 13
38 75
55 31
3 39
38 93
14 52
13 73
93 92
72 34
97 16
75 96
43 12
7 60
9 88
25 54
14 60
79 81
26 97
56 83
23 81
84 90
13 68
46 63
87 9
73 63
31 5
36 33
90 93
66 70
78 51
22 62
22 41
51 20
26 5
50 77
12 54
7 37
52 73
32 88
13 29
82 7
61 100
97 61
69 28
25 78
51 39
71 12
