87 94 27
956147368 566737015 529676717 655295398 772411591 446835410 127199497 724515081 803145610 694613095 592452495 154583774 180762344 817589561 433474202 831080029 856056254 730431186 215905960 657420417 641659978 592693439 146397146 257653385 216983219 410808593 836210296 656999033 601872255 906165469 575393643 512781719 979338266 816296125 744265922 730186990 252740438 505811790 569296941 88279502 858341349 205145520 857073029 218205770 385576161 543877129 459781442 593247672 312768069 266709506 516753155 924754229 807380850 762983240 355273226 671537695 68710315 397007884 317007293 668539545 753033881 442913668 860925479 115518986 509713607 205682792 476823668 281921438 360700454 627364213 837996920 441740483 611467403 426341869 883233321 812800430 817085997 896182805 783183393 489312724 694647847 410005430 583248925 164729969 552681724 654810782 63426688
23 83
13 80
34 25
23 47
67 43
19 84
83 31
22 69
13 53
8 60
61 73
42 23
32 67
33 4
21 73
64 79
6 55
56 34
29 9
13 47
41 59
86 44
57 23
81 87
54 53
11 26
2 9
41 62
11 72
18 56
86 48
58 47
61 82
2 65
58 36
86 81
44 63
17 70
44 81
3 34
70 39
67 33
69 49
48 16
27 55
22 82
58 84
51 80
62 34
25 22
66 15
84 48
61 16
61 55
40 33
4 21
27 86
83 15
62 47
79 59
9 58
51 42
67 83
44 74
54 45
2 54
8 35
56 6
57 71
64 17
2 19
58 13
61 75
29 40
53 60
52 65
33 23
77 87
23 36
68 40
6 57
79 71
65 52
71 78
14 66
18 35
77 78
42 37
23 18
18 23
80 47
66 38
1 65
5 33
41 33
37 64
78 51
57 50
46 41
13 56
5 78
11 80
43 26
87 82
30 27
84 55
50 81
62 80
60 31
56 67
24 71
73 42
52 29
57 5
38 69
29 15
13 66
19 72
59 69
61 39
32 18
