22 97 90
718117988 441853527 989852631 238278987 669008664 247766576 884678246 10037307 378226166 685301840 271416564 133643172 673816263 239317667 888850585 194403860 106241814 610319483 919876723 698031550 89536689 938944267
20 18
16 7
10 1
16 12
9 10
5 6
12 9
21 15
21 11
1 6
10 3
16 20
7 19
7 16
7 11
4 21
3 1
16 19
16 8
6 15
12 4
6 15
17 10
17 15
2 6
10 11
20 14
20 1
14 6
3 15
2 16
1 16
21 15
20 10
15 17
17 12
1 14
21 14
3 16
9 8
4 10
7 15
21 17
1 13
6 16
3 12
2 6
20 3
16 1
17 1
8 7
18 12
13 12
21 9
15 7
10 18
14 2
9 1
22 4
4 2
12 8
15 1
20 11
1 9
4 19
1 4
17 5
16 9
7 8
13 8
8 6
15 9
7 3
19 4
2 20
13 4
15 2
17 10
4 7
18 15
1 7
3 18
5 11
1 9
9 12
4 10
5 14
10 4
13 6
19 1
21 9
15 8
9 2
4 19
4 19
19 22
21 8
19 12
8 22
5 8
17 4
7 20
15 11
7 10
5 21
19 2
5 6
12 11
16 17
5 19
17 18
1 16
9 3
17 14
22 3
22 2
7 17
12 8
12 5
10 21
17 9
3 19
12 16
2 20
18 16
18 7
19 11
15 14
3 4
17 10
2 8
7 15
11 22
7 13
10 11
13 14
20 14
7 22
3 12
21 13
18 6
17 12
16 18
10 8
4 11
18 20
22 13
10 15
21 10
10 11
9 13
8 5
19 9
19 15
5 12
12 3
1 11
5 10
5 1
11 3
4 16
13 14
17 12
17 13
10 7
13 1
10 3
8 3
3 9
22 12
10 3
8 10
8 9
12 6
2 12
8 19
14 9
16 10
9 7
9 10
19 4
12 1
5 11
19 10
5 4
11 14
8 6
