64 56 60
187566224 633387571 842210367 625340182 676952032 881166247 99225985 759899320 348199946 895410556 702707289 73963338 173239982 29981089 685915721 426487403 614099281 664721541 368664312 925769343 3234267 638701984 422605486 237825836 211781400 457518568 364802267 915349469 475904311 923370076 291126928 459444802 763171918 699894397 813571844 805008078 563613395 507040976 621393936 630347064 3064868 38786397 426373300 839275259 81115905 616525363 960343952 199904725 563338765 893402082 571063147 191147083 329595984 134149631 621270960 627034148 941140919 350365603 487569644 288500970 988962707 251809260 53289810 62283884
22 59
55 63
25 53
21 56
25 3
12 51
53 17
29 16
50 18
45 48
55 58
8 60
17 3
28 31
48 41
57 7
40 46
24 40
50 23
17 57
40 44
35 52
12 60
48 26
1 23
62 45
16 18
55 53
37 7
42 60
16 18
8 18
5 21
39 9
28 52
3 57
17 26
56 62
5 51
9 53
59 48
28 3
28 6
60 14
52 47
22 1
50 39
60 12
44 48
37 34
25 14
43 58
21 12
11 15
32 54
41 32
31 29
9 48
26 22
23 7
60 59
32 47
23 40
23 56
29 63
17 52
40 37
9 59
51 2
29 41
30 5
14 27
46 30
4 54
10 3
8 32
63 43
9 5
61 22
24 19
25 3
43 62
9 55
29 61
43 61
44 11
62 33
58 39
38 52
14 20
44 11
16 26
60 64
16 3
38 47
63 31
30 58
52 64
60 6
40 63
61 60
58 53
64 9
45 3
9 30
37 10
1 48
46 52
52 57
53 41
17 53
12 27
46 38
42 59
2 17
41 1
