85 97 65
525867394 201629718 130394007 381555952 102797346 994554432 513918754 929592491 593013204 730209757 620946005 952186065 872698251 332587086 416046918 153709492 216958113 259266552 454554798 384953580 84150609 529588419 424476780 708190676 3003708 57702046 893541378 63738380 754180581 777766905 607251222 659366901 350197045 553819721 669009395 578390328 267620855 841752199 362938885 992896831 392552541 528567729 578020449 612088251 863377529 174970696 43429434 819753244 452301509 504801233 954124653 272371996 925904028 477256532 729781494 813174581 112590526 208759776 93746553 787299622 59626960 585441797 833692090 729228658 537075418 279173464 947491109 496063968 44841415 580519155 167030343 824120828 808194536 909161458 357202 620467093 92661362 533071351 932352157 104978237 271306491 676789670 285666082 750486732 157117953
26 73
50 8
31 35
64 6
37 83
40 47
24 34
55 2
60 21
6 10
68 57
24 51
22 51
37 63
59 36
66 73
73 53
25 65
44 27
19 38
19 31
74 40
17 16
4 51
35 5
80 57
32 74
41 50
82 63
17 7
36 34
26 80
12 59
29 25
5 84
15 43
15 59
5 85
30 25
73 33
33 38
46 66
76 14
35 19
72 69
40 19
15 17
54 79
64 66
67 7
69 29
77 3
41 70
15 12
77 41
56 40
16 9
48 26
8 29
49 84
21 29
3 28
43 31
39 50
33 85
79 50
69 43
85 30
71 33
49 47
36 22
66 55
11 64
70 74
54 78
80 37
62 30
69 65
68 30
48 79
22 21
83 78
52 30
44 13
59 50
10 68
29 46
75 16
29 76
16 54
65 74
79 48
58 14
19 63
73 64
72 15
72 49
24 61
67 53
82 10
67 12
56 71
2 80
38 21
10 36
40 10
32 28
35 37
84 67
57 11
12 4
1 30
44 78
57 17
8 21
58 8
11 31
29 78
79 33
39 1
14 79
7 6
13 60
22 27
25 57
18 47
67 44
6 71
65 42
46 48
29 15
29 20
16 56
49 51
73 58
8 33
8 75
57 28
38 82
49 78
63 61
81 50
65 12
10 53
24 18
39 65
28 71
65 77
24 46
36 59
45 35
45 58
74 46
23 2
65 82
29 50
81 10
62 11
7 6
80 39
20 5
20 38
