88 74 76
111996770 573349641 633062057 313127915 339436684 903804812 518537 124335166 619209016 710580796 912446967 606929902 429018825 276958315 94184315 587326528 958019848 156680303 765286462 959025082 33981088 501415968 966495118 717303976 768542627 173555036 431694942 404208024 211788803 518939268 908148675 831642590 166535706 266960124 845614456 639564817 632984867 827910062 525617755 412128908 474840510 583046536 343845101 140816366 962506352 954949625 712853462 822583706 788465696 736000888 427703391 195888696 959886492 640235517 453632247 187764786 297856786 469643142 188872111 112799800 598167703 450165396 740882621 779108796 205399715 252461739 137534717 455882103 25545107 452689110 415989867 517093346 367567654 175813152 680719530 440900542 91063041 46503963 394902912 557345421 769244971 424977757 427900248 137877270 953491601 861732351 363945918 248815589
67 53
71 64
53 40
14 75
71 87
16 85
78 49
81 57
57 44
69 86
44 26
24 23
80 79
30 28
1 60
52 7
79 7
61 8
30 9
14 42
30 6
25 27
35 24
62 48
54 61
70 39
58 45
63 51
16 13
43 11
83 38
8 27
85 38
9 49
80 69
43 17
62 66
49 74
58 20
9 63
37 58
61 55
10 11
27 14
33 46
69 2
32 12
82 14
37 1
75 2
53 87
63 57
17 26
23 73
28 36
58 55
62 35
19 16
20 63
46 65
77 45
23 81
86 30
66 26
39 40
84 59
61 28
65 80
46 78
19 64
47 65
66 6
49 56
6 2
48 46
55 69
19 39
46 8
47 29
49 21
60 28
75 60
14 53
81 40
77 71
54 40
21 73
48 6
55 10
33 19
7 74
22 73
52 78
28 24
82 55
78 18
75 27
24 62
26 27
31 40
55 12
47 8
44 39
39 24
81 85
55 34
44 70
22 65
47 55
8 86
81 22
28 23
27 72
64 5
84 57
66 37
70 63
88 23
54 31
26 34
87 31
10 38
24 58
75 16
25 16
63 66
66 11
32 80
53 58
8 11
55 17
16 42
51 40
53 61
47 24
62 8
36 49
64 6
26 55
58 19
10 80
73 17
50 31
53 76
69 21
66 14
56 74
8 76
70 56
36 6
