29 59 47
769274791 919521124 584087933 832865701 817014383 420402902 962847132 910592011 320315417 166739464 315598833 673609698 269260654 978999781 225624726 824493240 7670008 942800063 781959592 792841664 767442823 214284488 206734279 780324431 534070445 135608986 972069529 691693664 817938243
5 18
28 12
10 28
18 7
19 2
15 24
25 9
21 26
28 4
1 15
4 19
21 11
9 15
15 5
2 29
19 5
12 4
15 19
16 4
25 11
13 27
15 16
5 29
2 16
15 24
24 14
22 16
1 22
22 9
2 20
23 11
15 29
27 17
2 21
8 29
7 20
6 29
7 18
18 16
23 9
13 23
24 4
7 2
10 13
4 16
3 7
1 4
3 23
27 18
22 17
4 16
25 10
13 23
25 16
12 21
1 17
26 14
7 18
29 27
4 25
8 23
6 4
11 3
8 14
2 29
12 1
5 3
18 17
23 15
12 20
1 10
27 20
20 18
16 17
1 10
26 7
7 11
3 22
4 1
22 23
8 3
6 20
13 18
29 14
29 4
3 8
18 27
23 22
8 14
7 14
23 3
29 28
25 26
20 5
23 1
19 2
25 24
25 23
28 9
15 19
14 6
14 11
4 10
14 10
27 9
20 17
