75 29 45
164286381 831794707 308152292 669094842 650921597 115823844 352798189 547746354 324732469 687323678 453990279 226924095 335486255 593618635 505182384 880626782 40998189 722348025 183387915 769400140 438542803 416944951 580721756 253415054 976482088 963930908 25445646 974227178 429811225 762457025 500370608 501690092 526761206 176661313 401466995 221880162 213198835 409510464 49705390 947297760 317653417 157815393 749673051 598771517 212197778 494582991 290523031 55523348 73121936 39380149 491464741 252023620 828340582 426374086 378510060 351532145 226790717 690393782 718918517 585258113 379650081 90085310 83862638 402916895 321495426 828832028 327164457 620625979 420894388 92538769 588897565 347084935 91902319 85969633 843471972
65 6
9 39
72 8
70 34
12 20
69 60
37 55
11 64
70 66
11 36
65 16
74 50
35 32
59 9
31 33
59 9
8 34
50 73
20 27
43 71
6 59
4 23
30 36
34 59
25 70
60 41
74 5
27 11
21 52
30 73
55 33
18 19
33 69
36 4
31 36
75 71
11 62
42 57
74 10
26 54
66 63
25 55
60 30
27 24
52 7
31 41
14 63
48 1
20 36
9 34
66 11
46 66
52 72
27 61
32 10
47 18
44 45
8 26
48 68
32 38
6 9
43 53
24 73
73 42
10 19
8 31
46 75
75 21
26 65
21 30
73 8
22 8
70 39
1 40
