44 83 74
602174105 889446231 615627157 875246023 464581866 322169728 177679232 410609617 80188476 153680644 726780802 799099769 168170235 935194386 365133207 571449554 111430101 288183488 224774209 472397841 907509822 769095045 191237381 813031440 927525101 317205949 433462508 231455951 377408605 49446185 694729475 768367087 929626445 468266860 720199899 321287989 502635840 376708751 89010441 317246733 416599806 214983037 833073575 239065348
41 36
18 29
17 26
34 26
25 13
9 20
39 8
3 14
24 23
23 17
21 31
17 37
39 28
7 20
16 41
37 30
4 11
8 7
26 15
22 29
28 31
24 33
22 9
43 10
11 36
36 10
30 33
6 27
37 8
39 19
39 5
7 39
14 41
43 10
39 12
36 1
4 36
11 17
22 23
29 18
23 40
11 24
26 1
22 23
38 20
44 4
11 9
26 30
35 34
12 14
18 30
4 7
15 6
35 23
25 20
26 35
36 39
18 23
5 28
41 44
5 42
43 29
30 4
29 6
4 17
25 28
22 15
16 15
35 29
31 2
33 16
3 7
9 27
42 16
41 11
27 32
4 43
1 31
42 36
30 35
3 44
2 26
25 2
18 19
20 12
9 22
41 5
10 1
37 28
9 31
14 1
24 34
24 20
42 39
12 19
3 11
25 3
10 8
2 22
34 32
17 8
1 42
19 25
4 22
21 29
13 5
28 40
35 3
19 44
12 18
21 4
15 7
11 24
23 33
30 2
22 38
30 40
25 8
42 1
26 18
8 19
32 31
2 37
27 44
9 32
11 5
41 6
7 26
44 15
10 39
27 11
19 8
43 17
25 11
2 39
35 33
31 43
24 13
9 4
36 10
37 4
18 35
28 31
20 2
2 14
18 26
5 29
8 27
10 28
11 10
30 23
40 3
19 42
29 13
5 42
29 37
10 38
