67 83 84
972863933 888410932 658727075 938414426 232064041 873532304 269732371 941204347 1411643 9604194 970263990 981578480 868661302 513152825 591068078 901496058 6752315 401210404 115639874 667253147 45741781 185808442 76141658 745335834 338626414 758350868 424846854 372150659 961115863 393364046 365838584 630288165 609064388 194953226 539777284 876811026 745429838 972293996 537970343 897437346 413967727 225028639 241771902 645692144 995835785 464124366 688393418 805667675 481154784 347899052 737758195 745028103 241627419 217751021 343388930 506548826 610623687 544858186 146837797 625016703 716848596 422260865 956985134 384711910 272072726 937861075 98238485
23 24
30 20
44 58
33 5
54 55
21 23
32 47
43 21
48 51
10 28
59 49
26 35
2 27
27 10
55 8
41 8
61 50
62 61
35 13
28 31
48 18
67 56
63 37
36 50
1 61
20 58
28 36
67 2
51 63
47 55
32 6
63 49
59 25
26 42
53 22
9 44
16 49
17 23
8 1
5 49
43 1
32 15
6 30
33 44
19 2
15 9
21 20
66 18
6 35
2 49
8 6
51 25
53 66
2 22
12 27
23 4
63 52
17 61
50 43
12 59
14 38
19 33
15 49
33 23
28 41
8 18
10 24
4 38
59 24
24 41
64 10
49 13
33 22
50 36
64 53
16 50
45 15
65 63
14 7
64 16
1 65
63 28
32 60
27 53
56 54
26 64
1 28
10 23
22 2
66 35
37 8
33 65
5 24
56 46
57 34
27 57
61 7
63 21
19 43
4 42
55 39
45 23
5 31
10 67
25 51
56 13
10 1
5 14
11 19
59 36
54 61
63 24
65 67
45 56
32 16
5 56
37 28
21 10
37 57
22 9
20 29
65 33
64 65
37 66
60 37
33 18
5 38
62 47
41 52
50 33
59 35
35 58
26 44
47 21
11 63
53 64
51 24
6 5
36 18
62 42
38 14
8 56
24 3
5 23
46 45
24 46
6 15
32 18
22 13
42 8
13 32
52 26
30 29
35 21
14 17
41 55
42 14
33 20
31 50
2 42
47 25
60 14
16 28
46 14
46 42
18 6
56 58
