85 33 64
738538895 50431237 132233171 6715775 781089635 469936629 378244452 909850045 647822578 33730938 14085220 241315850 254718676 716384675 344234973 934746936 195578790 457789473 835746591 788310522 612706442 13993162 470788669 215798119 450328997 803194393 937366158 450612093 517814944 5063084 487300396 845340060 380776744 693279941 615003000 609251591 953126767 425454794 603787668 206442855 692318888 850495430 854491879 723647815 884806030 349812453 782832285 771457689 546745566 176529659 400941605 760887599 898868184 836476158 786624945 735567683 923833026 481008264 5215929 924639215 636805989 418085974 912899192 472795574 254878606 131058379 618218606 576121082 32662926 364743790 511635676 867394179 512010427 705128039 537013067 58791422 8582637 407364870 982696197 759976571 817487362 906785341 457718170 707889903 301813338
62 12
76 68
4 77
76 64
72 53
38 66
12 24
58 81
60 37
55 48
52 75
78 54
11 66
78 58
8 77
37 22
42 7
37 23
63 45
44 18
53 68
14 74
79 56
28 35
63 43
58 31
9 56
24 12
19 7
20 29
21 68
68 18
54 33
1 3
39 76
73 44
58 79
26 69
62 2
8 11
35 41
67 7
6 84
38 4
77 84
52 29
44 63
19 55
46 11
2 54
59 24
69 6
79 42
51 67
47 52
23 35
33 17
5 64
68 15
64 23
83 22
81 53
5 59
5 7
13 2
31 44
68 56
65 57
7 66
35 12
73 18
33 64
16 64
17 26
11 34
17 40
39 71
64 22
79 8
2 35
49 70
1 15
27 63
32 10
7 72
57 56
69 11
30 39
6 15
82 39
21 84
46 50
37 56
2 13
13 64
62 71
84 65
