49 44 96
274847561 267241784 364879736 222372993 241866659 271988098 171638448 98886281 450776751 365545959 742961948 182213075 624358752 705267854 872289181 233970888 855930282 467160642 867257948 123811507 416173831 865682671 581872452 43932742 287858931 820213290 104054915 133557780 318598512 620980647 559056141 363457812 577566595 131316672 608563993 309383972 236242869 639688693 740140706 742082948 351772306 281561446 130867175 592892759 285876525 126763355 310390763 655896102 722293659
7 26
49 16
15 8
9 23
45 31
46 38
32 41
1 33
6 46
17 49
27 23
4 7
25 2
27 47
43 33
46 18
4 27
43 13
39 13
12 39
11 24
26 33
44 39
32 31
18 44
5 16
49 30
5 40
43 48
4 32
41 1
7 33
23 37
23 33
26 49
42 10
11 13
19 40
47 2
14 8
6 25
8 23
1 32
24 6
20 9
16 13
18 27
17 43
20 42
16 15
48 13
7 15
19 35
6 28
21 28
7 29
48 23
43 39
3 10
2 9
46 48
48 40
16 1
43 44
34 41
22 3
42 15
37 21
31 9
32 8
39 15
35 26
47 29
40 16
36 17
20 25
17 26
29 33
34 13
7 11
45 19
2 18
37 42
11 38
1 40
32 5
46 27
3 17
12 23
9 27
23 17
28 47
44 12
20 36
31 46
11 23
14 20
16 12
37 17
31 20
37 42
37 19
37 33
34 2
10 22
23 44
16 18
37 30
3 35
10 2
10 41
35 26
27 2
29 44
34 20
20 32
41 6
17 24
42 21
3 21
8 21
31 44
17 25
36 34
43 5
45 32
25 12
43 16
16 27
6 4
22 1
23 32
17 18
7 10
10 12
19 4
17 4
5 35
37 13
21 38
