98 71 99
13310689 268798153 768429461 156611408 717052967 36912249 498719425 14598699 468360981 163703001 754200702 900220494 276872805 230270636 227192038 39613873 566229426 890290236 726896950 67592207 622243324 717804502 120235089 626245992 454136360 237244492 524886846 530670206 738125182 51519857 246876070 976234328 651831849 823114913 439495255 928069057 309089722 653124918 177707459 985260489 677738918 475269396 715753089 68431939 402569667 683964702 604118987 402657606 869042383 64155582 436157439 445651117 158171881 786727777 460904735 594486935 879937046 350481145 18581328 731535847 681470653 915277433 111356254 339759812 384074796 730681180 73555255 693915418 869144337 920045855 453789804 148597016 375933441 265060291 997284019 294914481 382568436 458169420 357369447 839740187 445010119 722108740 175163142 316115282 455438777 125649208 391615410 264841366 879729134 215299898 971819953 708279784 94200559 381065566 11312878 781914513 448916264 472617789
49 88
41 14
98 83
14 12
97 38
65 46
55 40
8 44
42 64
80 16
92 49
84 9
88 60
23 70
41 43
69 3
14 26
50 76
89 49
97 35
11 70
52 89
48 58
56 33
68 4
86 77
98 26
75 31
6 26
38 39
77 56
26 48
97 78
15 44
38 48
39 87
6 30
28 72
43 83
13 18
32 50
44 9
34 48
66 93
67 73
40 30
26 32
54 57
4 46
8 58
46 6
23 17
90 57
65 3
28 9
73 95
86 81
52 75
9 54
67 49
31 65
65 83
25 98
41 94
5 71
89 86
2 36
59 70
65 71
7 8
67 15
82 78
20 51
63 4
28 49
78 61
35 14
46 30
49 81
63 6
15 20
41 61
76 28
79 60
58 98
40 24
61 2
91 4
66 68
41 51
36 74
68 13
88 10
28 73
35 85
41 51
91 71
48 97
24 85
30 39
82 61
58 56
2 64
71 39
70 80
90 77
54 16
83 12
18 50
48 27
79 34
1 50
32 78
97 60
80 79
57 39
32 16
76 90
15 85
54 2
58 69
60 92
59 94
67 64
66 96
37 90
1 46
39 17
28 45
44 25
56 66
72 21
15 62
15 29
79 98
53 48
58 91
68 88
23 97
13 38
19 84
64 70
96 95
26 17
26 97
58 27
85 8
7 58
31 17
7 57
45 53
37 52
82 37
73 66
57 33
82 44
72 53
59 80
87 73
61 77
80 97
94 73
92 91
88 90
24 22
51 37
15 11
24 35
77 25
55 76
