88 26 46
206315361 170604239 669611972 710454395 221922306 960076082 362091239 328026081 178142974 639439519 311737467 803120435 76976987 249529305 720707529 632524357 977192131 389911784 842990845 173241457 423189509 110223766 502878631 721088787 570066322 367622642 432056635 797819405 983621121 217435857 630355345 264084548 768730251 860863560 359531365 288060960 884233615 159409715 83189464 655384080 79226639 333180082 190246893 37815044 127552818 909887655 533745421 444313841 629180096 346939961 726170499 744246609 909578153 395844435 698428417 943154592 100469118 115786277 448266522 588999136 814639094 903731106 712226757 570954518 371752299 793404417 818478048 142070219 112776026 431708989 246906027 436555915 139511527 143163285 825120073 131160169 85273430 436212236 648095043 326592378 974913683 412792042 263078660 526457173 952117163 910107193 60992093 457639321
33 57
3 7
74 20
68 36
1 10
14 65
28 31
9 67
5 56
7 43
42 2
43 6
5 59
87 70
60 87
68 15
58 4
46 75
60 70
38 23
46 60
54 76
68 65
56 38
1 76
64 80
59 48
5 87
36 29
60 74
43 37
69 81
25 64
20 27
53 80
49 22
8 54
25 26
26 51
42 54
19 39
19 18
42 14
82 60
2 38
3 35
32 3
32 79
79 3
52 15
20 75
23 49
9 87
61 29
70 13
39 58
52 28
72 5
33 69
14 65
45 25
19 2
86 65
34 80
70 71
33 5
23 8
1 34
68 69
77 3
74 72
7 3
