80 60 49
539924755 32922044 185576113 397508438 5923275 830047460 729784146 926391602 887248740 515602004 894290966 195889166 993365620 423040629 822813125 619470037 715051282 239135445 887407337 583272921 185486686 625819303 707699794 540066124 444439031 423835968 320014739 722960328 32734851 938146459 100528514 465957576 980683819 408384470 682222268 761635116 60231196 872320435 503854622 985764793 713521671 482244376 983479117 65828247 604334241 638094223 684064559 706376913 966651428 332155847 332614256 267505880 601651404 766008337 105600510 724959489 352153435 878593763 764735885 493787906 639317910 172515161 896081941 168825721 884533446 294994351 499643471 331071589 347059768 665041864 549168955 217125291 161875389 190843306 142117532 24209298 53313067 88758272 871147898 870418759
58 23
31 10
39 33
59 31
52 69
49 15
38 44
55 20
42 16
1 19
39 7
72 59
35 80
17 23
5 56
20 5
22 78
62 39
40 56
1 4
76 13
50 6
74 58
10 43
77 13
22 53
52 61
23 26
35 63
51 20
80 18
50 1
38 53
33 68
69 43
51 50
32 62
59 7
77 41
51 47
9 61
72 29
50 77
59 39
11 18
33 55
75 7
36 28
78 77
49 23
50 73
72 79
12 33
15 45
1 3
15 64
77 15
53 27
15 7
3 66
59 22
12 49
39 54
75 5
30 8
61 64
64 1
34 73
80 7
64 26
37 72
48 16
9 67
63 47
13 44
62 44
67 29
35 17
67 48
70 28
38 54
21 79
30 51
64 2
76 15
13 29
9 22
5 15
62 57
69 58
11 27
15 67
20 37
70 7
15 51
37 17
71 37
9 53
12 63
18 41
49 41
54 38
45 31
31 27
74 1
8 74
73 53
19 10
76 32
