81 55 90
166053264 225151974 501982049 115088632 209517620 669711098 787661077 275777001 469986548 844413965 730513028 695025793 845534309 974302706 800699268 589034406 196253634 757787328 290725075 554760642 162894696 596742738 186825360 797858624 236862811 172225223 538884288 392029970 180268480 708787458 916654538 108680494 435212129 384545578 112417019 321481484 599187500 778624812 100471556 652489770 513515444 335625524 141802615 220325512 460827054 914490936 914524237 309058860 324118134 226271341 608866402 92286112 722698120 329358799 700347895 692320623 70291975 54808222 65356848 922492075 399818553 747094491 77843604 9259626 41795336 397363152 879346064 178035780 848922243 364381317 337425140 712463831 246565979 236039243 309547636 124073284 607065446 300892725 342791720 122369455 50553632
32 3
34 10
18 35
25 57
25 75
67 51
80 41
75 26
42 65
41 19
25 52
51 8
73 13
63 51
11 16
60 75
72 71
80 58
73 61
71 81
69 21
32 19
33 18
49 18
58 64
70 3
32 62
66 36
6 43
56 11
43 64
42 77
12 1
59 17
13 31
7 62
37 15
27 67
31 72
74 24
64 65
18 29
48 6
24 56
69 10
78 38
26 28
2 56
48 60
13 38
50 81
58 32
72 5
40 63
24 37
42 22
61 66
57 41
78 76
10 3
23 36
42 63
35 46
49 20
63 74
38 79
70 4
58 79
4 17
71 6
80 33
49 30
53 48
51 15
74 52
30 18
59 57
28 11
57 48
34 2
31 56
69 23
56 41
58 25
80 57
78 7
48 12
77 20
27 68
35 17
26 70
26 40
47 76
56 53
29 65
22 53
60 73
69 61
35 13
78 25
55 6
52 1
49 32
54 10
39 35
21 18
28 51
68 30
37 43
64 21
27 37
15 53
23 25
20 45
45 21
45 52
14 5
76 44
80 30
39 56
72 53
75 39
62 40
52 8
11 29
24 53
18 63
40 1
25 47
6 44
33 67
27 67
7 80
52 61
75 67
53 79
81 7
5 14
80 75
52 8
42 30
77 22
26 19
10 71
81 71
