71 22 34
411092192 644003600 393408336 421157983 17986430 656697016 84012055 600503221 968266450 299399240 486524188 673321471 108950262 510338697 588337694 443134840 191595884 124821575 625370239 857264799 629955992 442686165 931320773 765154487 291730753 644329096 204302362 571754056 215064852 203325752 65435853 38855068 607897377 184225474 101446863 605752131 323617116 407643528 64574263 317716111 928641053 630793967 648846782 709140505 698909345 102707680 213971268 471299642 919352198 110817095 799032393 364003219 664498003 546207383 520655733 730285445 47801070 77849669 869383184 881965242 332814372 213089865 312740490 145133466 224175140 862786208 378203381 722274519 50636292 478703564 623067526
25 26
61 36
8 66
1 5
34 71
37 27
6 63
46 1
35 55
26 48
1 33
31 25
8 52
4 33
6 68
59 27
35 15
69 13
27 26
3 42
11 25
34 52
24 22
58 64
34 33
65 59
43 24
2 53
66 48
64 25
64 26
45 37
45 54
2 57
50 21
5 56
69 45
16 71
45 47
68 23
65 23
60 51
69 8
57 67
14 5
59 57
18 43
60 38
69 46
13 10
27 71
62 56
3 58
70 22
41 16
30 14
