91 53 60
76191460 903788360 244377352 668817258 928136119 307274343 820956387 566445047 991992058 86363677 865467025 47124325 30477376 808697708 959468746 406576037 801188737 692788825 869060840 605498863 612537241 312884845 982257001 584718654 196542153 674575669 372984431 961933521 752162612 911427266 473856576 920465580 761921891 802258986 634396614 428768277 745357506 694295045 405434127 811365911 578786849 847412464 271027150 222502402 789250611 140347917 963280344 598250985 532332562 361196930 697402792 2554146 760069561 748228853 27137757 843449034 850474121 618618903 232744119 915067967 390466501 456483094 788937885 118732196 507630357 855711528 493602969 25563744 695821575 668712199 425875930 894701471 517264777 24408944 702385969 315908815 475400817 939693987 165641621 342348325 734604789 38683110 8708255 691960086 368331571 659809794 227468046 577978078 198632619 198612932 669856069
1 51
47 24
62 77
28 19
2 85
85 61
49 3
20 13
29 52
52 39
13 43
17 67
25 32
87 11
72 82
24 21
78 71
43 72
70 60
19 18
2 90
39 64
57 42
12 64
79 80
74 61
34 27
74 3
18 62
36 79
67 6
30 49
33 75
68 67
69 35
70 15
11 22
19 54
21 78
15 90
86 75
48 67
83 20
57 30
62 36
56 90
23 24
69 40
24 44
68 15
62 35
41 55
11 89
7 76
82 1
15 82
36 74
88 85
14 39
9 87
56 80
80 30
45 18
84 21
83 52
37 67
72 10
7 23
80 19
62 52
28 64
31 47
49 50
55 73
74 64
33 34
84 88
56 6
40 9
64 61
26 80
36 60
71 51
79 66
91 83
45 69
66 8
27 81
51 21
74 2
33 50
82 5
88 85
64 27
71 3
46 64
53 34
36 12
77 21
29 15
77 10
37 44
80 40
25 27
32 82
27 7
80 33
80 5
10 9
77 43
41 89
25 27
54 68
