66 1 74
504091665 681955598 251751408 918738740 938972131 952959741 79851956 15100940 613974499 246936175 731763881 69733192 737855801 39665583 251845960 807312343 838444239 219571311 943417359 513891914 148421589 545041985 470591999 340594520 266004542 959351071 356394780 614178394 346709824 726722531 135048945 46970319 624293336 541320912 36243721 473928665 382705476 793830407 581075319 40373951 339350919 490057747 71884623 600804201 971763688 353734238 257970474 643600871 116145011 714521017 533929382 387796459 399719286 980935384 239210468 612887882 439870470 628570324 602278409 93023870 528604792 585107367 950352829 657108775 756929000 18938035
23 49
1 56
8 64
16 35
37 65
41 53
43 58
7 6
8 30
4 26
44 34
27 11
41 1
31 43
14 37
46 45
34 1
57 66
26 17
55 51
46 36
37 36
24 57
11 3
56 17
13 19
43 46
18 52
66 41
45 31
7 11
46 65
6 18
46 65
16 59
53 42
1 66
25 55
15 30
19 42
16 30
1 43
5 15
24 48
41 34
37 12
54 63
26 43
52 44
58 28
8 3
15 31
10 18
3 31
42 29
2 33
54 38
53 58
24 54
43 34
46 10
61 35
45 19
41 36
53 1
25 2
51 49
52 56
40 19
11 3
27 65
31 65
62 66
66 44
14 65
