61 69 57
361269363 784101791 570823836 169891839 763752523 900297970 418173116 803826083 803338915 92208144 852420464 177165293 602312405 763870152 687606405 578301037 540767293 270600843 107043847 323059863 601963709 549852912 779041484 408151619 563887418 539977776 192945897 180630573 707451932 409219754 8678458 626658934 185857490 748159585 940735199 310400289 693086540 309279097 798511545 371156119 95936127 848259773 553936625 565093924 197176549 857567260 918112370 6686327 214396922 905680167 982842986 28826662 66254272 780136341 236816845 464289320 400979260 152723392 830091474 357876825 989352182
59 26
3 60
21 58
57 39
17 13
20 13
43 9
29 36
51 41
45 28
32 55
54 46
54 12
15 26
36 28
38 29
39 21
46 39
14 34
33 53
59 18
5 9
19 28
61 20
30 40
48 7
41 48
15 5
45 50
16 17
41 25
2 18
21 39
31 58
9 59
47 38
29 38
32 52
60 15
43 2
4 45
19 51
37 44
5 51
22 29
7 36
34 31
59 54
59 14
13 53
36 39
1 37
35 13
35 19
5 47
42 57
54 51
31 48
47 58
55 49
23 10
9 2
16 46
55 41
3 1
20 30
10 11
26 2
47 33
45 60
39 59
2 25
19 7
45 53
32 59
50 51
23 26
53 7
23 5
61 8
4 49
53 45
42 5
29 40
21 53
46 39
33 3
2 3
19 20
14 55
61 15
53 30
2 35
53 43
38 30
59 6
35 10
16 8
58 12
52 60
57 12
21 32
49 16
55 37
5 23
37 10
47 42
61 46
28 6
55 12
28 50
14 56
24 11
56 10
59 10
54 59
61 5
61 35
18 2
6 31
33 9
47 58
25 19
25 1
49 18
58 42
