13 14 72
865294589 284096567 545873450 288352985 580018730 74973718 616646769 491929720 373894270 731713648 335607320 576781362 264196569
6 9
7 13
13 4
11 4
8 3
12 1
5 1
12 3
1 2
10 3
11 6
12 10
10 12
4 1
1 2
1 11
8 4
13 5
13 4
12 10
2 10
3 13
7 4
1 12
2 4
8 6
6 1
6 9
12 1
10 4
6 12
2 7
5 2
5 8
9 8
3 2
3 9
8 1
7 12
1 10
3 7
4 6
13 6
2 4
7 8
13 6
11 5
1 10
4 10
13 10
2 10
6 7
8 11
8 9
4 3
8 4
11 5
6 8
2 11
6 10
6 1
3 7
9 8
13 5
12 11
8 3
2 9
9 2
4 1
10 7
6 5
4 13
5 10
13 6
10 12
6 5
11 4
2 4
1 2
9 8
12 2
3 9
4 1
1 13
3 6
5 2
