41 31 73
130202474 695954043 717375271 427800172 154308850 14621096 464348548 232667250 54074369 934515279 938154553 238294504 63281450 367195956 581464521 485993942 378664961 173384131 600845307 802624039 495912864 402815625 153853019 672877612 110776611 851463096 75865784 913384730 776409132 529086375 119124900 423402119 907093343 11830096 662994679 457372401 495912167 831296209 218262093 123393591 377876720
8 36
3 2
15 1
34 35
31 7
38 15
26 24
2 36
13 27
22 25
18 21
39 4
17 32
40 23
36 34
21 4
2 27
23 10
24 4
1 8
13 1
28 11
39 6
23 26
27 34
14 9
26 20
27 25
36 10
29 30
39 5
11 35
18 29
38 39
41 30
26 6
30 20
25 9
5 19
39 34
28 30
30 2
11 16
36 17
19 7
20 12
30 41
40 25
35 25
1 7
10 34
21 32
2 25
22 6
26 37
38 35
36 27
38 25
15 17
35 22
14 9
6 9
41 8
3 12
14 32
15 34
20 21
26 40
34 22
31 3
37 21
33 11
22 8
21 3
15 41
40 29
7 27
16 32
12 23
33 3
12 28
13 10
41 35
13 18
41 5
6 31
32 17
22 39
23 38
27 5
2 18
31 4
11 22
40 27
16 38
37 41
37 19
25 22
11 2
19 17
8 25
16 22
16 24
16 41
