53 62 71
427413762 588447022 117977942 92837123 400181192 388872823 834134834 267032193 260044230 102044622 943763027 285235104 899886534 10498803 574505714 994394081 324242067 36679495 183724944 632369831 159776128 72995919 480541038 284580795 921994976 126886967 482396438 886374344 132464271 352050252 625383632 164899040 942042215 362333057 482112302 75041013 47451340 740342507 703641985 672570465 307127585 930120261 876264032 660971615 595862609 199808621 934917672 729186703 326230343 838898149 571570551 496445558 50732917
3 25
39 5
33 3
1 39
40 29
28 22
23 40
28 15
34 12
47 4
43 34
25 43
13 17
35 48
18 8
40 12
52 22
15 22
24 26
3 51
12 46
9 50
34 45
39 49
35 32
49 37
46 8
26 17
47 23
26 49
1 4
49 22
36 33
11 32
53 47
22 2
5 48
51 11
39 17
46 31
1 16
48 40
50 41
44 27
29 34
5 12
9 4
40 20
49 4
23 29
3 7
41 8
43 4
44 51
34 24
53 4
39 2
24 35
21 53
52 38
12 42
22 7
48 2
37 10
20 19
12 20
5 52
17 34
34 12
25 17
39 33
15 38
6 27
23 30
52 34
16 30
48 53
8 9
53 50
9 52
41 14
12 48
44 47
52 20
13 32
22 3
7 30
40 20
5 29
45 35
17 7
10 35
51 31
48 42
31 32
38 18
40 9
31 15
28 6
21 37
21 18
42 30
25 35
21 35
37 11
6 30
14 27
16 27
53 10
13 3
3 2
36 32
26 35
27 22
1 53
29 34
3 39
1 25
49 28
52 38
12 38
34 28
26 22
6 32
30 14
25 37
40 30
14 2
30 18
4 27
13 11
15 42
42 41
