54 88 52
247174413 218789064 53097862 761602365 843134686 871234589 504118645 516330558 768958217 595786912 320142940 272011439 873975059 491277508 116738529 950883057 136852196 899151357 118557262 378606253 319770952 978092357 924631826 758162253 354356846 136083864 341318974 915163778 235679852 263391864 506945545 930748092 308702648 121239657 483789133 561678773 590762928 473750390 916417031 367212775 210527508 732505003 372171482 41225745 195389574 364828568 113486989 665586614 46972689 853088468 580782729 265366941 470328479 171002488
6 14
8 42
38 10
20 30
48 35
22 35
8 21
43 9
10 51
2 11
45 35
46 17
5 12
44 42
37 3
51 24
3 15
23 35
46 44
48 53
33 12
46 26
9 4
18 5
42 14
23 18
30 3
45 34
19 46
40 26
17 27
29 44
31 29
14 49
23 41
39 49
31 6
31 32
7 49
11 48
34 8
38 34
33 12
24 23
33 4
22 49
18 9
33 37
13 38
39 8
6 40
32 45
48 26
51 5
5 35
49 48
9 18
35 22
29 22
39 6
54 19
20 23
2 34
17 33
25 34
22 30
33 8
9 45
20 47
16 39
3 19
1 46
20 53
26 38
39 40
31 25
51 18
34 3
50 51
50 36
31 11
3 20
40 43
24 22
3 20
20 51
51 15
27 48
8 5
49 40
5 29
2 31
28 25
5 31
5 53
13 28
50 5
19 48
39 44
11 6
21 11
54 21
7 40
35 4
11 19
23 11
38 54
46 51
18 22
14 1
2 33
19 52
50 31
44 15
11 41
42 44
29 6
4 24
41 31
28 30
24 17
13 31
43 39
20 29
41 31
2 32
48 35
24 38
8 53
13 23
33 6
23 14
44 35
45 50
7 9
29 26
45 23
15 32
14 15
21 53
