65 10 8
747197807 371922403 377239069 525244410 393841090 779200434 396822852 945191072 653130983 332839462 694369338 174804981 435263027 997067986 128468377 335541659 599654306 789207692 33523420 78542526 331240527 294874097 205677795 471712394 598677759 717302238 444601459 844767920 420764311 609709560 971781300 4866022 211250337 983615781 172570545 371876964 821919692 43843601 969592539 553740391 764608105 247089066 251229574 501315761 794895087 632072101 844542315 151383815 301193847 367250167 975311653 841124018 35855680 880734812 203994804 558838015 651828012 942972627 479602685 379695551 907226690 447174175 660671815 741336007 429601578
38 43
21 2
15 46
37 40
44 37
52 15
19 54
38 25
49 30
32 29
11 28
35 50
48 43
48 41
26 59
48 1
10 29
54 23
