25 2 59
105382376 149682252 84685638 252865425 995788841 469573591 996249952 856255080 627436935 672414765 391355201 911985560 335850948 171795652 2681753 231727577 151921060 556465077 381602402 797524680 785359218 509467199 99037526 635551076 919772538
4 18
14 3
4 12
20 23
22 21
25 23
24 6
2 9
8 1
9 4
3 9
3 18
17 2
24 17
17 5
20 13
10 7
25 17
5 3
20 18
8 22
5 11
13 10
24 14
25 21
10 23
24 10
3 24
6 5
14 19
9 21
5 6
8 10
2 18
21 11
21 7
15 18
5 6
15 22
16 21
24 17
21 24
2 13
23 9
12 11
20 10
17 3
11 1
3 8
4 21
5 12
13 24
10 7
7 19
10 9
18 25
17 24
24 22
13 2
23 13
7 10
