32 68 15
236477956 543380730 615178114 891328135 7208417 910569833 993823391 781166871 72545799 725714862 869141870 777931213 212775352 913385151 377288225 624956639 225373498 226722360 33456176 179104107 939292244 675744469 654264022 466665968 965828308 328768250 992575379 458336467 645775627 988945707 827956392 239981788
14 19
30 22
23 1
31 18
3 7
27 4
18 26
10 21
20 15
20 21
3 4
29 30
16 8
23 20
32 2
21 3
26 31
18 25
8 15
11 6
25 6
32 3
2 28
23 8
24 14
25 19
23 27
20 8
30 7
23 12
17 27
25 9
22 3
18 14
24 15
31 12
7 19
3 26
22 6
1 17
28 7
3 16
20 19
22 25
29 16
11 18
26 6
24 6
18 1
21 2
17 16
32 24
6 9
25 31
6 16
1 26
16 11
25 14
5 16
11 4
20 7
27 4
20 24
15 25
29 20
18 20
13 10
21 10
4 18
8 17
8 6
5 7
2 4
6 11
31 13
10 2
17 9
20 19
12 1
12 11
9 4
28 26
6 2
