20 85 96
144541341 603749448 394714623 547590934 47097648 132686641 450694104 106877787 286387129 292462494 449495571 495429963 988757834 577228607 746653894 664951400 846935834 845536391 542697575 909638967
10 9
16 20
17 11
8 2
14 18
8 5
17 16
12 6
2 9
3 2
14 15
18 7
3 17
2 10
5 8
17 4
7 5
17 9
18 8
17 12
19 1
2 17
3 1
15 1
10 17
5 6
10 8
8 4
3 20
4 13
10 5
13 9
3 9
16 7
17 13
8 11
10 15
17 6
16 14
20 1
9 6
9 1
7 17
16 13
6 18
13 4
13 2
20 7
13 6
17 5
18 10
1 14
11 14
11 7
18 3
4 1
14 3
8 9
20 18
6 14
14 5
16 19
19 15
13 3
17 11
9 12
16 17
11 1
3 12
11 5
18 5
9 20
12 18
10 20
15 3
5 8
17 14
7 17
16 8
15 16
18 9
3 6
2 16
4 12
13 5
6 7
18 1
2 1
11 2
11 2
17 4
18 16
8 1
9 11
9 2
7 18
2 8
10 12
1 4
16 8
6 3
4 5
12 14
6 11
8 19
10 12
1 7
2 13
6 13
8 1
6 11
9 7
8 14
19 4
1 17
15 3
9 15
20 4
15 18
9 12
18 11
14 17
8 7
18 20
15 9
5 10
13 4
19 7
14 7
17 6
8 20
20 6
14 9
3 2
18 16
12 6
5 18
2 7
6 12
12 9
3 11
2 20
2 12
5 13
17 1
1 10
6 1
9 3
4 16
10 1
8 4
13 2
16 9
16 7
16 14
9 1
16 10
15 17
11 12
3 16
7 16
8 19
19 4
8 11
12 16
8 1
15 7
6 4
17 3
11 9
8 5
19 9
18 14
10 5
11 3
16 15
6 9
14 2
4 10
10 2
8 7
