37 16 85
115969999 549674453 514154546 255377080 414993234 501209979 596185350 63917528 757489782 69705625 228097830 478284602 650784818 553622733 83235803 667441437 1177921 285650198 53675122 251479908 226797219 810753625 743442620 415216659 710208025 672128733 391495566 841290197 947365036 60037071 870526274 350892665 449698598 532500927 603551797 329155441 311282839
5 19
16 12
6 9
9 1
34 26
11 31
14 20
6 9
2 12
14 11
37 34
31 10
2 30
35 24
34 17
17 12
12 29
26 4
37 5
18 28
25 19
35 11
6 24
6 17
4 21
2 1
8 25
24 6
27 29
30 29
9 14
7 36
4 9
25 23
22 15
14 8
15 34
18 13
12 25
8 6
6 11
10 14
36 35
29 17
8 26
36 13
19 37
4 37
36 13
25 15
24 29
28 17
16 11
32 25
4 13
20 34
17 28
33 22
34 31
23 37
5 31
9 16
21 13
17 5
33 24
25 14
24 16
12 35
27 24
25 34
35 9
30 14
24 13
19 7
6 25
16 32
30 13
5 17
7 27
31 2
9 3
36 22
24 14
9 13
21 5
2 37
30 34
3 18
4 15
36 20
25 19
34 37
34 28
26 4
30 31
25 21
15 21
18 4
33 35
8 36
26 36
