58 32 39
151349375 870983561 2460023 670884582 488052271 876727989 77328962 852715004 15834242 729931046 593456227 176962566 331344794 421079579 398481409 523114261 647769021 646009751 29198753 542688830 774783445 588146402 45296818 875335195 661071856 522395399 994490371 32964425 96968129 205580628 789665351 923172072 104854813 483416540 144388248 338301726 122071168 81855480 297690865 337032084 145893254 250716353 938325683 379302391 615341426 539390360 818175777 976177272 208179114 465706655 99801060 635141197 566840376 784859966 397594503 469473838 285809739 108053662
49 10
18 21
37 28
21 3
48 55
21 47
55 7
11 57
40 36
7 34
41 29
2 36
6 39
6 23
40 9
58 20
7 35
12 38
13 31
45 17
44 43
27 6
32 5
52 40
39 32
6 16
11 9
54 14
15 13
35 46
42 11
3 39
5 15
50 47
52 29
46 58
47 21
42 41
5 24
38 30
5 54
56 9
9 17
2 10
31 6
30 29
29 22
36 43
41 50
5 37
27 30
2 25
13 43
19 58
15 46
12 19
12 37
44 5
23 44
18 42
33 13
34 19
31 8
17 58
49 51
14 56
16 40
39 38
32 24
20 46
58 43
