67 32 82
824796183 75518195 137052854 250105784 272602600 576964596 309878188 583835514 895965467 659806212 674880530 86826361 669594387 173359218 416857452 104985850 6473625 104487829 637213670 642846339 50961752 946480453 723762381 595098720 280205922 727486816 353307412 863347487 720161961 593674823 607641552 865808916 744354439 246098270 817971388 287742422 678025015 252272015 188035254 672491712 662311769 197927879 200753728 273122161 721511282 601212280 572162560 718859084 212704873 548283158 935929152 62009081 710315532 124094618 300766318 670080226 243288969 9780226 116321181 832506807 629785589 972796879 76012291 945113835 891335368 433699717 280990073
32 39
60 2
41 21
26 17
18 49
30 8
53 45
47 8
42 46
1 12
24 39
65 8
59 34
57 37
30 21
41 5
55 37
47 37
67 52
16 61
10 51
35 19
42 27
66 61
46 49
50 39
67 11
19 30
37 8
47 19
22 47
40 53
54 16
51 11
42 63
31 14
51 34
44 61
12 61
39 37
19 40
63 6
52 27
25 46
35 56
50 38
45 27
38 14
18 31
5 24
10 66
30 42
36 35
60 62
3 35
64 34
49 58
55 12
58 25
49 40
37 22
32 38
33 7
35 9
44 41
15 16
21 3
39 22
67 29
23 40
24 49
58 25
51 43
47 17
56 4
32 54
4 5
40 26
51 3
53 5
45 59
64 16
29 56
13 30
20 55
28 22
53 40
17 22
41 43
26 39
15 24
28 4
15 2
33 60
11 37
67 41
8 52
12 48
58 31
2 3
65 53
5 53
18 29
24 12
4 44
22 62
31 9
2 20
1 33
41 2
17 12
41 60
47 55
17 23
