21 9 81
193072036 488451425 942161762 728921458 125065437 131322056 552877063 433027989 20050192 517131497 581938220 643811342 900001689 930180661 7924192 989880401 999948890 589238594 890331637 498814006 117252664
12 3
16 9
3 17
5 2
8 9
17 20
9 2
13 3
3 9
14 6
12 8
15 8
17 20
15 21
1 12
20 9
3 15
5 10
11 3
17 2
17 14
10 21
2 20
4 10
17 2
1 15
9 18
9 7
12 16
6 17
16 2
21 9
4 12
14 21
12 19
12 13
18 10
9 10
13 4
1 7
21 19
5 2
9 17
8 15
14 6
12 10
16 9
16 10
4 12
13 12
8 6
15 16
7 13
13 6
16 14
17 21
12 9
14 16
5 8
20 6
7 12
8 17
5 15
12 5
7 15
20 3
10 2
17 5
10 20
6 2
17 14
12 16
4 5
9 17
4 3
21 15
15 11
6 1
21 14
7 11
4 13
18 21
12 7
8 3
10 19
1 16
18 14
5 13
21 15
13 1
