88 21 12
316795888 576038892 970436156 237343945 170101107 433711145 140218797 183042469 296921835 167604538 439360419 982748020 462133628 118705096 224350805 364351298 120780683 599747935 361298299 913207611 391536965 260973807 54363347 103869748 133207833 221576523 87279773 384279841 196828730 350536621 499735072 751416733 531900190 574903856 982344739 331056229 239436289 658746965 444377972 124869341 215789923 305802111 614409061 804549257 632204934 728152439 753997897 167913877 598943729 696473832 84797948 890074958 87492079 154704356 920585817 788695719 3885329 371916381 919128513 243640501 731083432 185828525 867626906 861214003 607626572 836610063 642256078 833933567 373333336 468074787 785661512 625604251 697672043 407753838 788941691 519418541 750907112 346383063 237413082 522494591 194444919 712505388 200344673 537416831 186494082 58340251 848333835 558379712
1 73
65 80
78 63
18 16
58 23
37 63
14 27
16 72
27 55
37 31
26 34
56 79
85 1
18 23
4 36
81 16
57 79
77 41
29 58
21 20
72 10
56 30
29 38
61 2
27 82
67 55
29 31
65 13
83 65
47 29
23 24
27 6
9 24
