100 203
95 67
77 19
29 79
23 58
69 45
17 19
40 10
62 22
42 84
1 43
89 76
89 100
31 1
59 98
98 42
85 69
7 76
30 58
29 40
83 48
63 40
12 67
1 76
95 84
15 18
43 22
35 88
87 44
43 88
83 48
72 31
12 77
60 2
13 68
8 48
84 64
47 93
17 14
55 84
59 71
78 97
66 91
56 30
18 15
25 15
51 96
40 1
49 30
96 49
91 3
51 88
83 12
83 71
24 3
8 19
47 78
88 78
15 98
24 42
92 80
13 47
92 45
24 38
62 83
96 57
26 14
46 97
98 4
24 93
20 53
69 5
85 70
46 25
11 99
63 79
9 50
6 59
35 43
91 39
80 49
39 42
10 30
13 65
54 88
51 94
51 74
13 30
80 79
60 32
76 10
46 56
8 74
61 31
44 50
1 86
5 76
42 34
88 55
44 67
65 98
57 47
25 58
30 14
1 27
13 85
53 25
65 51
15 21
70 27
61 71
97 60
85 21
52 88
61 21
9 22
96 3
90 3
56 50
29 41
64 6
42 83
63 5
40 5
31 37
40 15
85 42
84 70
29 17
34 31
49 11
39 99
33 15
53 11
10 13
3 79
20 17
97 3
77 32
53 1
13 5
100 21
89 55
96 89
57 8
30 80
19 81
79 63
16 77
61 62
74 78
57 24
80 70
93 68
9 77
12 50
12 30
29 38
56 52
45 91
45 79
69 77
15 83
12 72
15 72
85 41
38 70
62 45
92 52
19 48
6 11
27 30
39 95
54 19
21 34
76 65
62 69
78 92
20 99
25 22
65 62
41 20
97 82
77 35
18 4
12 60
34 97
80 48
61 84
22 21
3 16
52 49
94 99
58 85
96 3
49 45
100 39
50 97
83 20
28 83
7 36
73 1
13 83
81 43
