500
4 4 2
4 3
3 3
3 1
3 3 1
1 1
2 2
153 285 2
10 36
90 263
121 210
4 3 2
4 1
3 2
4 3
4 3 2
3 2
4 3
1 2
3 3 2
2 2
2 3
1 2
117 3 2
79 2
60 3
18 3
63 165 2
45 1
26 71
34 83
239 96 2
163 43
97 71
186 81
253 241 2
210 160
88 202
229 174
4 3 2
4 1
4 3
3 3
3 3 2
1 2
3 3
3 2
184 238 2
179 45
137 177
183 9
46 247 2
31 129
26 113
14 182
219 149 2
27 45
108 66
165 63
269 3 2
68 3
28 3
76 3
241 3 2
6 2
229 3
155 3
4 3 2
4 2
3 3
2 3
231 3 2
50 3
212 2
116 3
3 3 2
1 3
2 2
1 1
4 4 2
1 2
1 3
1 4
260 248 2
212 121
112 198
193 141
284 3 2
264 1
245 2
217 1
31 224 2
27 151
13 176
31 74
300 5 2
2 3
15 2
300 5
90 125 2
31 64
79 107
63 117
112 155 2
52 143
92 54
51 86
3 3 2
2 3
1 1
2 1
158 34 2
135 16
61 7
66 11
3 3 2
1 1
2 2
3 3
3 10 2
2 10
1 9
3 9
3 3 2
2 2
1 3
1 1
3 3 2
2 3
1 3
3 2
4 4 2
1 2
4 4
3 1
3 3 1
1 1
2 2
3 3 2
2 1
2 2
3 3
296 79 2
158 66
257 62
100 19
248 170 2
97 101
121 35
163 101
226 3 2
23 1
182 1
6 2
3 3 2
3 2
1 2
3 3
3 3 2
3 2
2 3
1 1
4 4 2
4 3
2 3
2 1
109 3 2
37 3
79 1
96 1
4 4 2
1 3
4 4
2 4
4 3 2
1 2
3 2
3 3
160 149 2
75 15
76 149
22 8
299 83 2
257 66
283 11
223 33
3 130 2
2 1
2 91
2 8
4 4 2
4 4
2 2
4 2
3 3 2
1 3
2 1
3 3
22 3 2
15 2
22 2
19 3
252 39 2
250 34
195 15
208 38
245 3 2
69 2
231 2
54 2
3 3 2
2 2
1 2
1 3
3 3 2
1 1
1 3
3 1
7 7 2
4 4
1 7
2 7
20 3 2
4 1
17 2
8 2
219 150 1
80 132
79 143
3 3 2
3 3
3 1
3 2
116 180 2
88 84
50 38
29 131
288 207 1
117 25
197 154
219 103 2
218 24
158 8
111 58
249 262 2
173 108
144 110
53 92
3 3 2
1 1
2 2
1 2
142 5 2
126 5
29 1
49 2
4 4 2
1 3
1 1
2 1
4 4 2
3 2
3 1
4 2
225 16 2
93 10
34 5
146 5
3 33 2
3 7
1 18
2 29
3 21 2
1 1
1 14
3 11
8 8 2
8 1
8 8
1 1
49 41 2
5 31
41 41
39 23
3 3 2
3 2
3 3
1 3
3 106 2
3 61
1 89
1 15
68 268 2
55 11
41 165
3 94
46 3 2
5 2
39 3
20 1
4 3 2
3 1
3 3
4 1
4 4 2
4 4
3 2
3 3
97 274 2
70 76
62 269
85 57
291 296 2
261 138
118 264
18 94
3 3 2
3 2
3 1
2 1
223 194 2
183 183
197 163
145 115
47 3 2
46 3
2 3
36 2
255 81 2
74 12
4 67
27 50
163 247 2
54 21
30 203
133 149
4 3 2
2 2
2 3
3 2
4 4 2
2 3
2 2
4 1
3 93 2
2 9
1 51
2 53
296 63 2
5 30
78 47
40 32
3 3 2
2 3
3 1
1 2
104 3 2
47 1
64 2
79 1
3 256 2
3 162
3 208
2 250
3 3 2
1 1
2 1
3 2
3 95 2
1 71
1 53
1 77
67 25 2
32 10
66 3
21 18
3 3 2
2 2
1 3
1 1
293 132 2
260 47
284 23
194 17
299 54 2
163 31
161 22
293 53
3 3 2
3 3
3 2
2 2
68 37 2
26 6
48 36
37 30
67 25 2
32 10
66 3
21 18
3 3 2
3 2
2 2
2 1
4 3 2
4 2
1 1
4 3
3 3 2
3 1
2 3
1 3
4 3 2
4 3
1 3
3 3
3 5 2
1 1
3 2
3 1
4 4 2
1 4
1 3
3 1
3 90 2
2 32
3 52
3 31
174 131 2
26 86
61 8
159 129
300 5 2
2 3
15 2
300 5
72 300 2
38 228
56 46
44 66
148 210 2
16 80
70 65
148 159
214 3 2
101 2
68 3
85 2
4 4 2
2 2
3 1
4 4
50 3 2
18 1
4 3
15 3
290 279 2
170 194
45 3
137 190
3 276 2
2 25
3 99
3 19
4 4 2
4 2
3 3
4 1
4 3 2
4 2
1 1
3 1
215 207 2
8 34
155 56
96 43
3 3 2
1 3
3 2
1 2
149 123 2
16 106
78 24
139 123
3 4 2
2 3
3 2
3 1
4 4 2
4 2
2 3
2 4
3 120 2
1 3
2 12
1 34
23 3 2
3 2
8 3
21 2
3 4 2
3 1
3 4
2 2
228 102 2
36 86
103 89
154 95
3 3 2
1 3
2 3
3 2
3 295 2
2 275
3 128
2 162
173 44 2
143 12
80 26
129 22
4 3 2
4 2
3 3
3 2
19 3 2
4 3
18 3
18 1
3 267 2
2 189
3 88
3 150
24 120 2
24 101
8 73
23 13
166 168 2
32 44
25 139
27 129
3 187 2
2 63
1 22
2 78
3 53 2
1 31
2 42
1 23
268 3 2
251 2
170 2
158 3
3 4 2
3 4
2 1
3 3
147 3 2
15 2
38 3
120 1
3 3 2
3 2
1 1
3 3
15 14 2
4 3
2 8
13 9
117 62 2
77 38
48 42
40 45
3 95 2
2 67
3 88
1 13
4 4 2
1 2
4 3
2 1
64 295 2
43 6
13 238
19 29
3 39 2
2 13
2 24
1 13
3 82 2
1 80
2 68
2 54
99 3 2
18 3
75 1
20 2
3 3 2
3 2
3 1
1 3
3 3 2
3 1
3 2
2 2
4 4 2
3 2
4 1
1 3
225 249 2
178 100
129 202
130 184
3 3 2
2 1
1 3
2 3
300 300 2
1 1
1 3
3 1
75 212 2
29 10
7 63
14 54
3 3 2
3 3
2 2
1 2
265 56 2
46 11
175 29
125 9
98 150 2
76 63
53 137
87 101
4 4 2
1 4
4 4
2 2
191 3 2
48 3
12 2
154 2
168 21 2
163 10
97 9
138 21
189 278 2
35 229
101 270
77 257
69 68 2
9 23
26 16
9 44
4 4 2
4 2
4 4
2 4
83 219 2
62 168
55 10
79 219
163 44 2
147 34
52 10
91 15
3 294 2
2 133
2 29
2 136
3 3 2
2 3
2 2
3 3
132 44 2
122 19
56 4
88 10
3 3 2
2 3
1 1
2 1
96 247 2
4 98
16 247
23 216
4 4 2
3 1
2 4
4 2
119 186 2
21 148
6 135
84 12
74 3 2
3 1
62 2
27 3
3 4 2
3 2
1 2
2 2
243 3 2
178 2
212 3
233 3
285 209 2
182 20
125 50
228 189
3 107 2
2 3
2 98
2 36
4 4 2
1 1
3 4
4 4
31 76 2
2 60
25 20
28 33
4 4 2
2 2
4 2
2 3
4 3 2
4 3
2 3
1 2
252 3 2
44 1
231 1
8 2
180 75 2
129 31
161 22
144 50
203 124 2
151 42
104 105
16 114
3 3 2
1 3
3 1
1 1
292 142 2
144 66
234 109
101 42
4 3 2
4 1
3 2
1 1
4 4 2
3 4
2 1
3 1
3 3 2
1 1
1 3
3 1
8 8 2
8 1
8 8
1 1
166 179 2
10 48
21 162
151 116
3 97 2
1 67
3 9
2 27
223 3 2
223 2
154 3
99 3
254 32 2
29 17
40 5
204 24
111 31 2
65 15
35 4
107 5
237 77 2
212 65
101 72
46 47
3 3 2
2 3
3 3
1 3
3 3 2
3 3
1 3
1 2
180 3 2
42 3
180 2
88 2
25 65 2
5 10
6 16
7 9
32 233 2
20 29
4 47
23 28
146 243 2
23 40
100 34
118 67
3 257 2
1 233
1 11
1 17
4 3 2
3 2
3 3
1 1
205 92 2
15 24
147 36
46 61
3 4 2
2 4
1 2
3 3
3 3 2
2 3
2 2
1 2
3 173 2
3 22
2 139
2 87
84 139 2
54 68
84 35
67 65
186 263 2
90 115
175 74
38 165
4 3 2
2 3
2 2
2 1
3 3 2
2 3
3 2
3 3
3 3 2
1 2
2 3
1 3
3 3 2
3 1
3 2
2 3
71 87 2
36 44
1 87
71 1
273 291 2
61 163
120 29
231 45
4 3 2
1 2
3 2
1 1
276 3 2
246 1
145 2
41 3
4 4 2
4 3
1 3
2 3
4 3 2
2 3
2 1
2 2
3 3 2
1 1
2 1
2 2
132 100 2
130 66
65 58
62 60
296 231 2
220 166
98 17
194 46
3 98 2
1 12
2 2
1 81
3 4 2
2 3
2 1
2 2
55 4 2
27 3
37 4
35 2
82 3 2
20 3
51 3
16 3
3 3 2
1 2
3 1
3 2
3 3 2
1 3
2 3
3 1
105 33 2
18 16
61 24
83 6
46 215 2
46 61
33 193
22 74
4 4 2
2 3
2 4
2 1
4 4 2
4 4
1 1
3 3
257 294 2
117 290
188 102
74 103
4 4 2
1 3
3 2
3 4
228 3 2
65 2
112 2
207 3
3 3 2
3 2
2 1
3 1
71 87 2
36 44
1 87
71 1
4 3 2
3 1
1 1
3 3
3 4 2
1 1
3 3
2 1
3 3 2
3 1
2 3
3 3
174 93 2
18 43
173 13
40 22
283 274 2
138 124
281 181
191 155
4 4 2
3 2
3 4
1 3
3 3 2
3 2
1 2
2 3
3 3 2
3 1
2 3
1 2
217 9 2
213 5
194 9
114 4
299 3 2
9 2
217 2
138 2
19 62 2
15 61
14 52
10 32
53 220 2
34 30
38 1
3 7
3 3 2
3 1
2 3
1 1
199 288 2
190 109
125 55
178 116
3 3 2
3 2
1 1
2 1
113 247 2
45 152
65 130
76 84
4 4 2
3 3
2 2
1 4
150 202 2
28 194
28 163
23 54
3 3 2
3 2
1 1
2 2
74 205 2
73 168
9 85
28 80
3 3 2
3 3
3 1
1 3
3 3 2
1 3
2 3
2 2
4 3 2
2 1
1 3
2 2
196 103 2
55 12
31 70
68 53
88 83 2
66 62
69 43
25 57
3 3 2
2 3
1 1
2 2
300 300 2
1 1
1 2
2 1
227 3 2
138 3
72 2
86 3
4 3 2
2 1
3 1
2 2
171 234 2
58 26
69 153
83 50
32 154 2
19 97
11 9
6 111
3 3 2
2 1
1 3
2 3
297 3 2
153 2
222 3
27 1
258 3 2
163 3
211 2
191 3
57 235 2
36 169
31 54
29 77
117 151 2
43 73
58 60
113 97
141 267 2
131 38
1 215
3 95
136 3 2
125 1
21 3
52 2
230 97 2
217 17
59 27
124 80
4 271 2
2 236
3 168
3 89
4 4 2
1 1
4 4
2 2
3 274 2
3 150
2 241
3 253
20 272 2
7 12
12 50
20 140
123 154 2
112 11
40 58
109 86
4 4 2
4 2
2 1
3 4
94 26 2
29 21
61 19
22 19
4 3 2
4 3
1 1
3 1
4 3 2
4 2
1 1
2 1
206 83 2
90 33
206 14
37 23
3 292 2
2 41
3 147
1 95
269 253 2
106 93
132 204
151 246
4 4 2
3 3
2 4
2 2
180 18 2
129 10
176 10
67 17
63 26 2
29 23
14 19
44 8
3 3 2
1 1
2 1
3 1
93 118 2
8 16
56 68
54 10
3 4 2
1 2
1 3
3 4
4 4 2
1 1
1 2
2 3
3 3 2
3 1
2 1
1 1
4 4 2
3 4
1 3
3 2
114 3 2
14 2
40 3
37 1
204 268 1
4 197
14 18
17 3 2
11 2
17 3
13 3
3 3 2
1 1
3 3
1 3
259 179 2
141 162
185 106
101 127
113 3 2
31 1
42 2
91 2
211 146 2
63 98
3 24
100 53
3 3 2
1 3
3 3
2 2
4 4 2
3 3
2 4
1 4
298 35 2
61 20
83 34
66 34
3 13 2
2 11
3 7
3 8
4 4 2
2 4
4 1
4 3
4 4 2
1 2
3 1
4 3
3 3 2
2 1
1 3
3 1
285 188 2
37 170
182 88
284 169
3 3 2
2 2
3 3
1 3
3 34 2
1 8
2 22
3 16
4 4 2
1 4
4 4
2 2
111 203 2
92 37
59 48
38 20
3 4 2
1 4
1 3
3 4
55 53 2
48 42
39 31
29 10
3 3 2
2 1
1 1
1 3
224 213 2
48 133
146 139
57 84
178 262 2
119 172
65 183
24 182
168 75 2
47 3
20 35
4 10
4 3 2
4 1
3 3
2 3
4 4 2
1 3
1 4
4 1
3 3 2
1 1
2 2
1 2
298 116 2
20 54
42 64
181 36
283 266 2
174 51
62 73
178 251
3 3 2
3 1
3 3
1 2
4 3 2
4 3
3 1
4 1
160 77 2
156 58
106 65
56 49
64 245 2
5 28
17 9
22 240
3 3 2
3 2
2 3
2 2
3 23 2
2 7
2 2
3 9
48 230 2
5 227
26 141
6 110
3 3 2
1 2
2 3
2 2
226 58 2
43 18
197 10
207 35
44 170 2
9 42
25 61
42 46
3 3 2
1 1
3 1
1 2
190 195 2
71 146
82 8
37 161
4 3 2
1 2
4 2
1 3
3 3 2
3 1
1 2
2 2
3 3 2
1 2
2 1
3 1
3 193 2
1 69
1 37
3 181
281 3 2
104 3
271 3
40 3
3 37 2
3 29
3 35
3 4
4 3 2
1 1
4 3
4 1
276 3 2
161 3
177 2
89 2
14 166 2
11 4
8 121
5 34
3 102 2
2 75
3 32
1 100
58 3 2
6 1
16 3
38 2
180 160 2
76 144
177 64
151 55
248 275 2
86 128
145 122
16 19
228 74 2
165 60
155 6
100 47
3 23 2
2 20
2 21
1 2
3 294 2
2 139
2 81
2 220
16 26 2
14 24
3 16
6 14
3 4 2
2 1
2 2
1 2
3 3 2
2 1
2 2
3 1
3 120 2
3 114
2 58
3 26
4 4 2
1 2
4 1
3 4
3 296 2
1 145
1 287
1 100
101 3 2
7 2
58 1
16 3
111 3 2
6 1
2 1
33 2
41 3 2
24 1
36 1
21 1
3 4 2
3 4
1 2
2 2
175 279 2
159 114
35 73
161 5
3 4 2
3 2
2 4
1 3
248 211 2
3 98
216 158
16 14
3 3 2
1 1
2 3
2 1
226 61 2
118 38
84 50
213 36
3 3 2
1 3
3 2
2 1
32 3 2
3 3
8 2
9 1
48 102 2
14 23
34 86
33 9
3 3 2
2 1
2 2
3 2
158 3 2
157 1
149 2
34 2
277 153 2
84 34
91 93
251 14
3 3 2
3 1
3 3
2 1
3 4 2
3 1
1 3
2 1
60 226 2
54 30
47 205
15 45
3 20 2
3 18
1 11
1 5
3 276 2
2 102
2 208
2 128
244 3 2
220 2
182 2
60 1
226 79 2
221 28
158 37
158 42
3 3 2
3 2
1 2
2 1
3 3 2
3 2
2 3
1 3
3 3 2
3 3
2 1
2 2
11 69 2
2 10
7 6
11 55
4 4 2
2 3
3 4
4 2
286 86 2
84 40
132 77
228 3
3 4 2
3 1
2 1
1 3
126 3 2
47 1
42 3
62 3
4 3 2
2 1
3 2
4 3
112 184 2
92 11
83 139
104 22
290 208 2
54 130
110 13
284 75
95 157 2
38 143
71 37
10 59
3 4 2
1 4
3 2
2 3
250 169 2
74 30
35 60
115 56
196 284 2
166 92
88 177
39 240
300 187 2
288 42
78 11
107 58
116 92 2
112 18
6 54
18 64
4 3 2
4 2
1 1
3 2
110 245 2
78 22
44 102
70 175
198 3 2
7 1
50 1
103 1
3 3 2
3 3
2 1
2 2
3 4 2
1 4
3 4
3 1
110 107 2
42 7
17 71
20 70
3 3 2
2 3
2 2
1 1
3 132 2
3 96
3 13
3 87
3 3 2
3 1
1 3
2 1
4 4 2
1 3
3 2
2 4
134 195 2
95 91
74 21
55 111
3 10 2
2 10
1 9
3 9
149 7 2
41 2
121 7
117 1
228 70 2
119 56
87 32
70 27
4 4 2
4 2
2 1
1 2
265 212 2
190 124
249 112
97 89
4 4 2
3 2
4 2
2 2
3 4 2
2 2
3 4
1 4
233 109 2
2 62
134 9
28 9
135 109 2
26 108
35 44
133 76
3 3 2
2 2
3 2
2 3
9 238 2
8 156
5 230
4 8
3 3 2
3 3
2 2
2 3
3 3 2
3 2
1 1
2 3
3 261 2
2 207
1 163
1 220
3 3 2
2 2
2 3
1 3
3 3 2
3 2
2 2
1 1
206 45 1
145 16
76 3
264 16 2
102 2
90 1
18 2
242 173 2
210 29
94 76
144 64
4 3 2
4 3
1 3
2 3
101 3 2
33 3
15 3
23 1
188 227 2
88 218
74 176
70 79
118 292 2
30 213
17 71
81 234
226 209 2
148 7
177 8
222 185
4 3 2
3 3
4 1
4 3
4 4 2
2 1
4 1
2 2
223 130 2
95 101
196 15
9 117
150 23 2
146 4
90 19
120 3
3 3 2
3 1
3 2
1 2
3 3 2
1 3
1 2
1 1
4 4 2
4 1
4 4
2 1
241 3 2
24 1
88 3
194 2
125 29 2
121 21
21 5
83 5
3 4 2
2 2
1 1
1 3
3 3 2
3 2
1 3
1 1
105 144 2
5 45
2 111
10 28
3 3 2
2 1
3 3
1 1
198 3 2
55 1
177 2
71 1
19 3 2
10 2
1 1
2 2
4 4 2
2 3
2 4
4 3
192 142 2
46 35
184 4
29 16
3 3 2
1 2
3 2
2 3
296 3 2
88 1
237 1
65 2
89 95 2
66 9
69 81
8 71
3 3 2
1 1
3 1
2 2
267 136 2
100 69
55 84
242 32
33 3 2
10 2
10 1
9 3
3 3 2
3 2
1 3
2 2
4 4 2
3 2
2 1
2 2
3 191 2
3 184
2 46
1 113
4 4 2
1 4
1 2
3 4
152 258 2
133 175
13 143
23 39
272 69 2
83 18
40 67
137 68
3 3 2
1 1
2 1
3 3
4 4 2
1 1
2 1
4 1
4 4 2
4 2
1 4
4 3
267 141 2
37 110
151 96
107 43
106 39 2
26 1
100 25
104 32
3 3 2
3 1
2 1
3 2
4 3 2
1 2
4 1
2 1
3 3 2
1 2
2 3
2 1
144 3 2
89 3
100 3
129 1
222 107 2
187 74
94 24
176 107
180 3 2
75 3
1 3
112 2
175 284 2
116 12
113 282
42 124
100 197 2
9 189
63 138
11 143
3 3 2
2 2
3 1
1 2
168 157 2
27 14
154 68
46 114
291 211 2
208 67
155 167
81 199
4 4 2
1 2
4 3
2 2
3 159 2
1 116
2 89
2 101
3 3 2
1 1
3 3
2 2
278 257 2
133 147
26 200
183 89
3 3 2
1 3
2 3
3 1
3 3 2
1 3
3 2
1 1
3 25 2
2 23
3 20
2 14
156 129 1
130 26
151 5
94 3 2
35 3
42 1
69 2
3 3 2
2 3
2 2
2 1
298 3 2
101 2
276 1
259 1
176 3 2
159 3
79 3
42 3
4 3 2
2 1
4 3
3 1
3 3 2
1 1
3 3
1 3
3 3 2
3 3
3 2
1 1
3 3 2
1 3
2 2
1 1
