5
30 30 15
2 4
10 17
18 7
6 16
12 24
19 22
23 10
24 9
7 0
3 8
17 21
20 29
16 15
13 27
27 2
15 20
25 12
1 5
0 11
28 23
21 19
26 14
29 28
11 6
22 3
14 1
4 18
8 26
5 25
9 13
31 31 15
14 5
18 8
24 10
13 1
4 29
16 17
12 20
17 27
20 3
25 24
5 9
3 14
19 2
11 18
15 13
2 7
23 25
1 28
10 11
9 19
30 4
28 21
22 23
26 15
8 16
27 26
6 30
29 12
21 6
7 0
0 22
21 21 10
4 19
19 0
15 10
6 9
1 2
9 20
13 12
12 17
3 6
2 14
18 16
8 7
5 15
20 4
17 1
0 13
14 8
11 5
16 3
10 18
7 11
34 34 17
8 16
33 7
6 15
24 0
21 14
23 9
32 31
31 21
4 25
30 4
28 26
15 8
5 2
17 1
11 23
29 32
14 22
9 3
26 17
20 19
22 30
0 27
18 33
19 28
10 11
13 24
2 29
25 12
3 5
7 6
27 20
12 13
16 10
1 18
41 41 20
1 40
24 18
17 26
27 16
12 35
11 28
39 6
20 11
0 1
36 12
7 8
31 10
21 32
40 39
34 36
13 27
6 15
19 3
33 2
28 7
38 33
9 13
22 23
25 30
8 14
18 22
37 19
10 29
3 24
4 37
16 25
26 21
15 5
32 4
23 31
14 9
35 0
5 17
2 34
29 20
30 38
