5
20 20 10
8 1
2 3
15 4
17 5
16 18
10 14
14 15
18 0
6 16
13 7
5 9
11 19
19 13
7 2
4 12
9 11
1 6
12 8
3 10
0 17
36 36 18
20 34
7 22
34 29
21 27
12 14
10 11
17 10
8 4
4 18
33 9
9 28
2 17
29 3
16 20
6 24
23 13
26 15
19 1
25 23
35 0
24 33
32 6
27 25
1 30
28 26
22 32
31 7
30 21
0 16
3 19
11 12
15 35
5 8
18 31
13 2
14 5
15 15 7
9 5
6 1
8 3
11 14
10 13
2 10
3 9
1 4
14 6
7 11
0 7
13 0
4 8
12 2
5 12
24 24 12
22 4
13 20
8 15
0 12
18 22
12 19
21 3
20 1
23 17
6 18
2 21
11 9
7 16
5 13
17 8
4 7
16 11
10 2
15 0
19 5
1 6
3 23
9 14
14 10
22 22 11
19 4
5 2
10 6
16 15
11 7
18 14
3 1
20 16
21 18
1 11
0 10
12 9
15 8
4 3
9 13
8 17
13 5
6 21
7 20
17 12
14 19
2 0
