5
28 28 14
20 15
12 24
17 18
22 1
9 20
15 13
25 3
21 19
7 4
16 17
14 10
6 23
8 11
0 22
5 26
26 0
10 9
19 7
1 21
24 6
23 5
18 25
27 16
4 27
11 2
2 12
3 14
13 8
39 39 19
31 37
36 30
27 16
12 29
5 26
13 7
26 36
25 11
38 27
7 14
34 21
4 19
19 12
15 2
8 0
10 17
29 28
23 1
9 15
20 3
21 22
14 35
0 4
16 24
1 8
3 9
22 20
35 32
30 13
37 33
24 31
18 34
2 6
28 38
17 23
32 10
6 5
11 18
33 25
38 38 19
2 35
6 21
9 11
0 24
30 1
21 22
37 23
23 19
17 27
26 5
3 31
13 0
31 34
10 8
12 3
28 15
11 25
27 33
1 37
22 28
8 32
19 12
29 10
35 20
20 7
36 14
7 26
16 9
24 29
18 2
4 17
25 6
14 16
33 30
34 13
15 4
32 18
5 36
40 40 20
39 37
3 35
16 14
6 32
5 9
28 29
25 20
33 0
17 23
2 30
20 5
8 24
29 8
10 38
35 39
13 25
15 11
32 12
34 10
14 21
4 31
21 27
7 6
37 16
11 22
23 2
12 13
26 15
9 4
24 26
0 3
1 33
38 18
18 36
19 34
22 17
30 19
27 7
36 1
31 28
33 33 16
14 9
28 30
21 13
26 14
25 27
3 21
2 28
24 11
1 15
29 17
32 23
30 19
16 12
9 2
20 32
15 20
17 0
22 3
4 24
12 26
6 18
31 22
5 4
19 25
8 5
18 31
7 8
10 29
13 16
23 6
27 7
11 10
0 1
