5
25 25 12
15 2
11 9
6 22
19 0
20 23
1 24
4 18
12 1
7 10
14 20
21 12
18 19
3 5
10 4
13 14
8 13
23 15
24 6
5 16
16 21
0 8
22 7
17 11
2 17
9 3
34 34 17
23 6
31 11
19 8
10 12
9 5
22 25
0 28
33 27
4 24
20 15
7 1
5 7
30 3
13 19
21 26
16 30
17 22
6 33
25 16
27 10
32 21
24 31
14 9
18 23
3 2
28 4
2 13
1 0
11 32
29 20
15 14
8 18
26 17
12 29
47 47 23
32 18
24 39
12 1
31 6
2 3
17 46
25 26
39 2
14 17
28 13
3 4
18 23
46 36
20 21
21 31
1 38
42 35
37 41
33 10
29 25
9 20
6 29
19 27
8 28
30 43
34 40
40 19
13 14
45 22
41 30
23 33
22 16
43 8
35 9
36 11
27 42
26 0
16 44
10 37
44 34
11 5
5 12
0 15
4 45
7 24
38 7
15 32
45 45 22
32 36
30 23
3 13
19 26
8 6
11 41
1 33
17 30
16 3
15 44
38 9
12 15
9 12
44 37
13 39
36 28
4 29
26 20
37 10
14 21
39 14
35 16
18 40
0 32
23 5
40 19
5 25
7 1
27 11
34 4
2 27
43 8
29 42
21 7
10 2
28 18
33 43
24 0
25 34
42 24
31 22
22 38
6 17
41 35
20 31
14 14 7
10 9
2 12
13 0
12 11
1 2
0 8
8 7
9 6
11 10
5 13
4 5
3 4
7 1
6 3
