5
16
-2.758304485 -4.757160211
-4.269581209 -2.908657534
-1.099881587 -6.278224327
-3.19525317 2.46646045
-3.429040347 -2.30641459
-6.1836268 9.615524586
-3.047250482 -2.656109632
-3.77798445 -2.391049104
-4.31632008 3.895067805
-4.275544728 -3.422117319
-2.963180229 -3.047765833
-3.198761029 2.954810361
-7.562506217 10.422330068
-0.399194422 7.548455549
-1.027571812 6.42886369
-4.446814367 3.595405956
18
0.223313711 -1.068875261
0.312036365 -0.834548182
7.059274217 6.369990775
-0.496895711 -0.556113905
-2.509387029 -2.03657314
-0.671918475 -0.591004329
-1.208017864 0.863676754
-0.394803908 0.553402721
1.80536238 -2.167526238
-4.659876329 3.632610649
-1.136245944 0.817849383
-3.478918941 2.912104819
0.194106345 -0.762522469
-3.022923115 -2.270703103
83.655657625 71.29152658
-0.153300207 0.598991446
-0.951202348 0.710185089
-0.675612296 -0.592119386
16
0.52965674 0.547517503
0.591438047 0.569510011
-0.077401655 -0.295704912
0.325341623 -0.562835773
0.518165398 0.624175607
0.449160706 -0.703052461
0.904084795 1.213342713
0.591162512 0.676107757
0.368856347 -0.807562412
0.720047206 0.362498165
0.777429745 0.626577792
0.448900217 -0.609008636
0.422503033 -0.597210968
0.621027309 0.702136535
0.577069524 0.3413195
16.705789868 23.78462404
17
-0.264248156 1.200544029
-0.800175972 -1.214543799
-0.676328042 -2.288017379
-0.166188848 -1.595221217
-0.38075748 0.559295599
-0.076565238 1.771345165
-0.673162334 2.287343211
-0.405875706 0.688832377
-1.010107355 2.974723496
-0.599573605 -0.783500286
-0.282553651 -2.18386374
-0.453774214 -1.480366054
-0.394682112 1.194829488
-0.628481966 -1.224703736
0.182877926 -7.106118136
-0.654968565 -0.855090611
-11.638357118 -55.997252804
20
4.21693399 2.132021725
-0.495784958 -0.91786011
-0.130508548 -0.286228042
-0.726237122 -0.456529267
-0.438302799 0.485442591
5.300697579 -5.82761136
-0.38491791 -0.494471318
-0.030617759 0.249843911
-0.105724983 0.215714108
0.084465289 -0.335749965
1.125331573 -1.268822425
-0.15254092 -0.373159999
-0.148353731 -0.515686408
0.213956723 0.130234402
0.565993997 -0.743743967
0.34224184 0.151509894
-0.176413633 -0.530986776
2.516581594 -2.78375996
-0.119411037 -0.55782054
-0.366085914 0.869469931
