5
10 10 5
9 8
0 6
4 0
1 9
8 4
7 5
6 2
2 7
5 3
3 1
26 26 13
0 24
17 8
4 0
2 23
7 6
18 25
24 11
21 16
20 3
9 14
15 13
3 1
5 18
13 5
6 12
8 7
12 9
19 4
10 17
16 2
11 15
22 20
1 10
25 22
14 21
23 19
26 26 13
10 9
20 6
12 8
22 7
9 13
4 16
5 24
11 23
17 18
25 12
0 17
2 25
15 3
23 15
8 20
16 2
1 5
19 11
14 1
24 22
21 10
7 21
3 14
13 4
18 19
6 0
45 45 22
32 42
28 36
6 33
23 28
36 18
12 4
3 31
21 7
13 20
7 40
20 1
18 32
43 21
5 0
14 9
39 37
37 8
29 19
42 41
17 24
25 13
15 17
4 2
27 44
10 14
30 11
44 12
11 43
41 27
0 29
26 38
38 30
35 5
22 16
1 6
2 35
9 15
16 23
40 25
31 34
33 10
19 26
8 22
34 39
24 3
12 12 6
6 0
1 8
0 11
10 1
5 6
8 3
11 7
7 10
4 9
3 4
2 5
9 2
