5
96
-480.44015511342013 731.9428765407993
-480.44015511342013 -103.22366153110511
22.01000200818237 -690.484899896612
22.01000200818237 -506.6366536211604
-480.44015511342013 -784.8076599373135
22.01000200818237 -570.4266321086905
-480.44015511342013 -320.1127459744297
-480.44015511342013 -459.8825348313917
22.01000200818237 429.58560843303644
-480.44015511342013 -592.782728487115
-480.44015511342013 716.5252904135377
-480.44015511342013 264.59194576864775
-480.44015511342013 825.5966706106749
-480.44015511342013 549.5483434249404
-480.44015511342013 -470.23103880183476
-480.44015511342013 72.16798384294998
22.01000200818237 -36.92858612911198
22.01000200818237 -371.8081482817968
22.01000200818237 -951.5671607953085
22.01000200818237 -270.36205427303867
22.01000200818237 -908.3482360245721
22.01000200818237 389.251529365863
-480.44015511342013 97.63909816490718
-480.44015511342013 -994.7796324350173
-480.44015511342013 905.4871930377174
22.01000200818237 -553.6187100065837
22.01000200818237 -563.6342584128408
-480.44015511342013 -852.5164241884003
-480.44015511342013 989.9590693154371
22.01000200818237 387.7632892560541
-480.44015511342013 -137.13802754846063
-480.44015511342013 32.21230106455209
22.01000200818237 899.3920412028774
-480.44015511342013 108.2641133232978
-480.44015511342013 -892.3483309014799
-480.44015511342013 -944.5184375848162
22.01000200818237 -78.80960797269097
22.01000200818237 -760.7816519533268
22.01000200818237 620.3130390285157
-480.44015511342013 614.4090036252119
-480.44015511342013 -920.8774130506185
-480.44015511342013 615.3827959776529
-480.44015511342013 -483.3043300366518
-480.44015511342013 -401.5871041237018
22.01000200818237 -36.73732824635056
22.01000200818237 214.63929895223237
-480.44015511342013 -605.8025581068282
-480.44015511342013 -890.4352233526542
22.01000200818237 -698.1751924775137
-480.44015511342013 228.51018290856155
22.01000200818237 -602.1992032709713
-480.44015511342013 784.4201150542544
22.01000200818237 -940.2491383557361
22.01000200818237 862.3337500786265
22.01000200818237 500.8763765755416
-480.44015511342013 -143.80586008927935
-480.44015511342013 820.8514843942148
-480.44015511342013 741.5524665024468
22.01000200818237 -856.6228778129765
22.01000200818237 -991.5334969700622
-480.44015511342013 -909.9754405597196
-480.44015511342013 -961.1405140753411
-480.44015511342013 496.06109088419475
22.01000200818237 -134.1325008617149
-480.44015511342013 -372.452911404161
-480.44015511342013 -711.8168769224865
22.01000200818237 -219.4816640030732
22.01000200818237 876.5396030268205
-480.44015511342013 -727.8178204400303
22.01000200818237 163.3742461989084
-480.44015511342013 37.11906487448664
-480.44015511342013 -200.9636322073851
22.01000200818237 -543.5085473256755
-480.44015511342013 571.9660203079022
22.01000200818237 -487.2227638663777
22.01000200818237 -323.17836644593797
22.01000200818237 455.10139871695947
-480.44015511342013 -521.4844983718936
22.01000200818237 218.5768568396461
-480.44015511342013 -604.0687031581724
22.01000200818237 -928.9889522874781
22.01000200818237 -832.1175938404876
22.01000200818237 205.3076810954442
-480.44015511342013 739.9497647823746
22.01000200818237 -487.06210634878016
-480.44015511342013 -789.1962535575956
-480.44015511342013 -661.9843052493377
-480.44015511342013 -487.8480778440826
-480.44015511342013 -328.60001248485787
22.01000200818237 -502.4407794237402
22.01000200818237 -131.48108833755657
-480.44015511342013 -353.3179810496381
22.01000200818237 508.31323906077296
22.01000200818237 891.5043554679644
-480.44015511342013 -319.63655265502314
-480.44015511342013 431.06951187880054
93
-115.90871011207173 -409.2823760094275
-115.90871011207173 610.3428742841561
-115.90871011207173 -695.873020657247
-115.90871011207173 -435.42756170825123
-115.90871011207173 -96.0285088832411
-115.90871011207173 -578.4473847807178
-115.90871011207173 -773.5704816150997
-115.90871011207173 -444.97228260682584
-115.90871011207173 -404.78027128740246
-115.90871011207173 -130.34933093772952
-115.90871011207173 -351.42643829606504
-115.90871011207173 298.1831062268418
-115.90871011207173 -787.0154273804042
-115.90871011207173 918.2704422316565
-115.90871011207173 -417.38524096523054
-115.90871011207173 -397.2132676483926
-115.90871011207173 711.1535885939675
-115.90871011207173 -287.10971099237725
-115.90871011207173 889.0348887602001
-115.90871011207173 828.2132216742216
-115.90871011207173 853.0117859436605
-115.90871011207173 -346.2617930843519
-115.90871011207173 725.9647136799551
-115.90871011207173 612.5018480841654
-115.90871011207173 854.4538214982867
-115.90871011207173 -423.3467086534739
-115.90871011207173 -699.2230917956567
-115.90871011207173 41.332707158959465
-115.90871011207173 -525.6267924227711
-115.90871011207173 -98.70486528624349
-115.90871011207173 80.68766948337293
-115.90871011207173 -189.12120454038075
-115.90871011207173 717.2044692194456
-115.90871011207173 -938.4433950703708
-115.90871011207173 -446.730099191019
-115.90871011207173 -34.887467179041096
-115.90871011207173 -757.022050409629
-115.90871011207173 -875.6001786631746
-115.90871011207173 964.0258030767995
-115.90871011207173 -797.218258639524
-115.90871011207173 89.85726509197457
-115.90871011207173 454.6896761698988
-115.90871011207173 402.43424578587724
-115.90871011207173 36.409646327338805
-115.90871011207173 634.328121415776
-115.90871011207173 -988.7768528585701
-115.90871011207173 -962.5121237176413
-115.90871011207173 317.74009711524536
-115.90871011207173 922.592182713061
-115.90871011207173 -226.73749482243238
-115.90871011207173 -376.26313125762124
-115.90871011207173 494.4918485115775
-115.90871011207173 -835.6282882339658
-115.90871011207173 -976.249289262124
-115.90871011207173 333.93251645504097
-115.90871011207173 763.5657222778336
-115.90871011207173 326.741363899245
-115.90871011207173 239.0360694734036
-115.90871011207173 -840.5237240172612
-115.90871011207173 -466.66199427168476
-115.90871011207173 -938.1471142442399
-115.90871011207173 -579.4305584894672
-115.90871011207173 812.7335721114875
-115.90871011207173 -544.0983935285184
-115.90871011207173 -961.2825181573969
-115.90871011207173 821.0723562142123
-115.90871011207173 -315.30558127023835
-115.90871011207173 -35.274271918421846
-115.90871011207173 -472.0816742259044
-115.90871011207173 35.01704372892732
-115.90871011207173 -305.07201352577874
-115.90871011207173 -280.1987800707409
-115.90871011207173 -711.1094673434726
-115.90871011207173 -472.0021835883683
-115.90871011207173 -601.6605749294921
-115.90871011207173 167.18789811130887
-115.90871011207173 997.6719867666466
-115.90871011207173 953.6755860976584
-115.90871011207173 321.7576183273204
-115.90871011207173 -730.6839972125777
-115.90871011207173 300.7297036310533
-115.90871011207173 445.1549841073015
-115.90871011207173 146.6922244921866
-115.90871011207173 -545.4738196297722
-115.90871011207173 -554.7044596046637
-115.90871011207173 -335.5767592543766
-115.90871011207173 -357.97859946093706
-115.90871011207173 -557.169961051315
-115.90871011207173 -152.35075738506998
-115.90871011207173 393.85080718390077
-115.90871011207173 482.0898130552448
-115.90871011207173 -173.01016020421935
-115.90871011207173 458.9852261643771
94
-724.6347149104763 -321.93048131589694
-724.6347149104763 -208.66761332441138
-724.6347149104763 170.39004770111592
-724.6347149104763 682.7943130589908
-724.6347149104763 780.177998778521
-606.2095060610618 756.3533227179978
-606.2095060610618 252.75754280915703
-724.6347149104763 116.81835438863095
-606.2095060610618 -82.97115098581526
-724.6347149104763 453.2668271282457
-724.6347149104763 767.325160616539
-606.2095060610618 -423.60063522926407
-724.6347149104763 -841.0873370917868
-606.2095060610618 -633.3188249797322
-724.6347149104763 305.7624049427611
-724.6347149104763 -354.14833157904366
-606.2095060610618 -819.4992666653443
-724.6347149104763 56.60559082531472
-606.2095060610618 -65.41958957205372
-606.2095060610618 859.6772082597595
-606.2095060610618 -371.9947896595181
-724.6347149104763 -940.4613123430395
-606.2095060610618 375.0143373083081
-606.2095060610618 223.78670477295236
-724.6347149104763 593.5849491365061
-724.6347149104763 -261.09663546363856
-606.2095060610618 -326.9927493294231
-606.2095060610618 233.7008214546538
-724.6347149104763 862.6955410921275
-606.2095060610618 243.9706543964562
-724.6347149104763 -750.0563164652385
-724.6347149104763 724.8018555954516
-724.6347149104763 82.20665013942153
-724.6347149104763 -435.95320177060535
-724.6347149104763 -544.812115009257
-606.2095060610618 -198.997873604662
-724.6347149104763 488.6060943253003
-606.2095060610618 -451.30091166403383
-724.6347149104763 572.2211120021605
-724.6347149104763 272.0656556091524
-606.2095060610618 901.8934132222225
-724.6347149104763 982.8963550557389
-724.6347149104763 945.1646034511898
-724.6347149104763 981.4216801621681
-724.6347149104763 432.4983950069377
-724.6347149104763 -329.9304832998107
-606.2095060610618 618.9971694674873
-606.2095060610618 -103.09587704397609
-606.2095060610618 -919.193957439985
-606.2095060610618 735.373466070738
-606.2095060610618 228.2021693712943
-724.6347149104763 -253.64544253650263
-606.2095060610618 -912.4499792183183
-606.2095060610618 803.9059687847259
-724.6347149104763 -131.23980511169054
-606.2095060610618 312.1070785980594
-606.2095060610618 -912.881329821039
-724.6347149104763 476.25946524133633
-606.2095060610618 424.05449246214107
-724.6347149104763 588.9018255379428
-606.2095060610618 584.6200736435674
-724.6347149104763 156.54761291029263
-724.6347149104763 455.99493400938945
-724.6347149104763 -678.419763680945
-724.6347149104763 170.31378791705583
-724.6347149104763 -774.2884036372444
-606.2095060610618 603.3169901810013
-606.2095060610618 432.30231863424433
-606.2095060610618 -346.80507305376887
-724.6347149104763 319.6108015187049
-724.6347149104763 371.4697768678486
-724.6347149104763 679.455815621785
-606.2095060610618 294.1475098633698
-724.6347149104763 -772.2469320789362
-724.6347149104763 227.8532001764927
-724.6347149104763 40.53943955910995
-724.6347149104763 -230.05777016445018
-606.2095060610618 -817.3694201731771
-724.6347149104763 -87.50979612627009
-724.6347149104763 -41.74662861829211
-724.6347149104763 460.7581252884313
-724.6347149104763 645.0763188828512
-724.6347149104763 -841.1406369822907
-724.6347149104763 38.0160893215716
-606.2095060610618 -477.5139134065887
-724.6347149104763 -989.1014412341319
-724.6347149104763 106.45461872536407
-606.2095060610618 -303.942255005496
-724.6347149104763 229.98913925687611
-724.6347149104763 -874.4747177014796
-606.2095060610618 -826.6411268707943
-606.2095060610618 -37.367119978106075
-724.6347149104763 -888.6914792166682
-724.6347149104763 418.55719093985067
96
-94.58344642881173 -839.578111900896
-94.58344642881173 758.1552286431174
-94.58344642881173 233.7763790484414
-94.58344642881173 -673.8217079008061
-94.58344642881173 454.46063509485134
-94.58344642881173 -375.27378363568437
-94.58344642881173 -521.1462661745294
-94.58344642881173 -151.2684907535504
-94.58344642881173 447.4010305805691
-94.58344642881173 -665.1957623284081
-94.58344642881173 30.69519830464833
-94.58344642881173 -441.895892622407
-94.58344642881173 370.37070417210134
-94.58344642881173 -534.8732769287878
-94.58344642881173 390.10619424248125
-94.58344642881173 -65.69997628604153
-94.58344642881173 -621.7561796199191
-94.58344642881173 -262.02148333235266
-94.58344642881173 795.6517878417671
-94.58344642881173 542.9812520299204
-94.58344642881173 -863.4990032425798
-94.58344642881173 130.44164682252858
-94.58344642881173 -893.3687132204267
-94.58344642881173 351.147527600627
-94.58344642881173 -329.49250147098996
-94.58344642881173 -960.5570946107742
-94.58344642881173 219.3782567610872
-94.58344642881173 -837.0738642923865
-94.58344642881173 263.36887594373434
-94.58344642881173 -797.8924677015366
-94.58344642881173 753.9935017961086
-94.58344642881173 -303.3076322591701
-94.58344642881173 -981.3188096711141
-94.58344642881173 737.8770706726957
-94.58344642881173 776.9279226534659
-94.58344642881173 148.77282542179978
-94.58344642881173 -892.1313768399277
-94.58344642881173 -554.9403829290404
-94.58344642881173 408.20671361066434
-94.58344642881173 842.5347376016118
-94.58344642881173 800.3147144276534
-94.58344642881173 74.1784689462645
-94.58344642881173 -523.429288561919
-94.58344642881173 389.3600169923832
-94.58344642881173 314.88920131224995
-94.58344642881173 -613.5505438609712
-94.58344642881173 -947.0825072383398
-94.58344642881173 -259.84330051918425
-94.58344642881173 77.67881844690805
-94.58344642881173 983.3150248979
-94.58344642881173 852.7115118097959
-94.58344642881173 930.5496786592969
-94.58344642881173 99.2423819514047
-94.58344642881173 -158.89072495937899
-94.58344642881173 -737.2352431512887
-94.58344642881173 -732.3589178600182
-94.58344642881173 118.41561277774849
-94.58344642881173 -543.6991488040314
-94.58344642881173 -184.77253110240042
-94.58344642881173 -106.48535133203029
-94.58344642881173 634.6948066448806
-94.58344642881173 -814.1426078199161
-94.58344642881173 536.4943141140936
-94.58344642881173 616.5000826072501
-94.58344642881173 361.61555490161277
-94.58344642881173 -766.5444555827838
-94.58344642881173 800.6320557867703
-94.58344642881173 -866.1660193623741
-94.58344642881173 -631.0114454541202
-94.58344642881173 191.9257857750938
-94.58344642881173 21.162153299594706
-94.58344642881173 -135.96740499547263
-94.58344642881173 -596.8740034736309
-94.58344642881173 -765.2786226604203
-94.58344642881173 -311.4862529153281
-94.58344642881173 -335.04417547653316
-94.58344642881173 123.06901295589296
-94.58344642881173 349.9414937677034
-94.58344642881173 703.3859216387423
-94.58344642881173 -54.30974238206886
-94.58344642881173 136.53425444980348
-94.58344642881173 -321.3752968608909
-94.58344642881173 377.0423990894767
-94.58344642881173 622.6935867485854
-94.58344642881173 -672.9316107270699
-94.58344642881173 481.18472224779794
-94.58344642881173 -444.7857357750639
-94.58344642881173 144.5114988310811
-94.58344642881173 251.16208657928132
-94.58344642881173 650.9154948750518
-94.58344642881173 119.45079887438874
-94.58344642881173 -79.69065415910404
-94.58344642881173 -619.7027009532994
-94.58344642881173 -520.6271262086102
-94.58344642881173 749.0647684902624
-94.58344642881173 -176.87137123169805
99
-618.115233044367 -364.45649986010164
-618.115233044367 980.7016921495556
-618.115233044367 -967.4441244533742
-463.8246648350828 -512.1255780653153
-463.8246648350828 -530.1037679190099
-463.8246648350828 -679.444220676645
-618.115233044367 -713.6643431154573
-618.115233044367 312.73371586896906
-618.115233044367 -878.7324889075117
-618.115233044367 987.4790352005089
-618.115233044367 -232.2686603856614
-463.8246648350828 651.5405474594161
-463.8246648350828 632.735891934308
-618.115233044367 304.86990962403775
-463.8246648350828 682.2925081683761
-463.8246648350828 -930.3322840785584
-463.8246648350828 354.1932603912053
-463.8246648350828 311.5377871694793
-618.115233044367 432.006508502777
-463.8246648350828 245.77819768479958
-618.115233044367 -472.5624289634201
-618.115233044367 754.7878368380334
-463.8246648350828 905.1904350453356
-618.115233044367 239.25405743746137
-463.8246648350828 40.488689885276926
-618.115233044367 458.0359229455503
-463.8246648350828 215.16301897465064
-618.115233044367 425.47001477785693
-618.115233044367 348.94945670073116
-463.8246648350828 462.42321128350545
-618.115233044367 -950.3560574503372
-618.115233044367 -832.0911123651393
-618.115233044367 320.2908447110294
-463.8246648350828 538.6671115886088
-618.115233044367 -650.9907926656535
-463.8246648350828 -540.7225048264442
-463.8246648350828 -428.1009525915771
-618.115233044367 937.7710849350642
-463.8246648350828 -884.6802652430259
-618.115233044367 483.5555198384611
-618.115233044367 587.8614569812717
-463.8246648350828 639.437247327146
-618.115233044367 -298.890943418721
-463.8246648350828 484.4961951189264
-463.8246648350828 291.3060013528682
-463.8246648350828 -903.520433076937
-618.115233044367 -28.643653912698824
-463.8246648350828 412.261093073334
-618.115233044367 136.75096028499024
-618.115233044367 417.78893572679635
-618.115233044367 -281.14685522940385
-618.115233044367 -775.1061612360568
-618.115233044367 325.34496159510286
-618.115233044367 674.0367701966013
-618.115233044367 643.9310312852513
-618.115233044367 999.4268449444701
-463.8246648350828 -801.3278430253583
-463.8246648350828 281.8731121518963
-463.8246648350828 -822.2189731819129
-618.115233044367 -143.2424997347115
-463.8246648350828 253.98843617862622
-618.115233044367 794.0542684768689
-463.8246648350828 -854.8531339740471
-618.115233044367 -676.0584017857476
-463.8246648350828 -39.70183022924914
-618.115233044367 -472.0115045276549
-618.115233044367 -652.5075577786232
-618.115233044367 622.7645663452115
-618.115233044367 854.324994430659
-463.8246648350828 -911.6822414820751
-618.115233044367 939.0342215020871
-463.8246648350828 -653.5291339245797
-463.8246648350828 738.7627368445569
-618.115233044367 -700.1571179244454
-463.8246648350828 796.0698371075446
-463.8246648350828 -130.55970655324643
-463.8246648350828 630.7597926330793
-463.8246648350828 -575.1219260456122
-463.8246648350828 768.759677300696
-618.115233044367 173.6928884517538
-463.8246648350828 329.59189176874133
-463.8246648350828 -311.85074892635043
-463.8246648350828 -759.3250802552136
-463.8246648350828 981.8191391936982
-463.8246648350828 360.41831783146176
-618.115233044367 -939.1335876371613
-463.8246648350828 836.4512210797238
-463.8246648350828 -780.0022257414789
-618.115233044367 567.2799408533563
-618.115233044367 317.39857248518797
-618.115233044367 -365.75101460820633
-618.115233044367 -291.1273310230322
-618.115233044367 368.9996823758677
-618.115233044367 756.292227270465
-618.115233044367 -946.7076245051676
-618.115233044367 180.95359643559254
-618.115233044367 -984.3021722911085
-463.8246648350828 622.1862036754469
-463.8246648350828 351.9038190167146
