5
17 17 8
8 4
16 8
7 2
13 1
12 9
9 15
10 3
15 11
14 16
4 0
5 13
3 14
1 7
11 6
2 12
6 10
0 5
22 22 11
1 17
16 7
13 12
0 21
10 19
9 14
18 4
14 16
12 0
15 11
11 20
4 15
8 9
6 13
19 3
17 8
3 1
7 5
21 2
2 18
5 6
20 10
19 19 9
6 7
18 6
13 17
15 5
17 14
9 3
1 16
2 1
7 10
0 15
10 8
5 9
3 4
12 11
11 13
14 18
8 2
16 0
4 12
28 28 14
17 20
1 27
26 10
0 21
9 22
13 23
6 7
4 18
18 6
7 1
12 11
20 26
3 12
16 8
15 9
19 0
5 2
10 19
24 13
11 14
25 16
23 15
21 4
22 5
27 25
14 17
8 24
2 3
20 20 10
17 12
13 5
12 0
8 2
7 11
9 8
1 15
19 16
3 6
18 17
4 7
0 4
16 3
6 9
15 19
2 13
11 14
5 18
10 1
14 10
