5
91
-419.2570068018249 -840.4316136998375
-419.2570068018249 -679.1258453541169
201.43246073997943 315.96792001608014
201.43246073997943 -239.88566825163525
201.43246073997943 187.38965685310473
201.43246073997943 -773.1501191533933
-419.2570068018249 -951.1654078570504
201.43246073997943 -35.275075611840066
201.43246073997943 66.23822002138763
-419.2570068018249 -250.80768886277372
201.43246073997943 823.8082099855142
201.43246073997943 -73.9806827918992
201.43246073997943 556.7471163082398
-419.2570068018249 -858.6832284789041
201.43246073997943 -26.168422440444374
-419.2570068018249 59.11211847562436
-419.2570068018249 639.5503316202842
-419.2570068018249 270.4213723432895
201.43246073997943 959.5411050613613
201.43246073997943 -47.38211312137628
-419.2570068018249 -839.2260344762173
201.43246073997943 -406.50861079640106
201.43246073997943 -976.2036833295407
201.43246073997943 610.4556249555167
201.43246073997943 188.8210903997724
201.43246073997943 670.9650771806237
-419.2570068018249 445.66119321949554
201.43246073997943 517.882066498255
201.43246073997943 -567.1417130196384
-419.2570068018249 -377.7386938633183
201.43246073997943 -112.14340792533869
-419.2570068018249 -933.2219901556043
-419.2570068018249 -306.74545917085277
-419.2570068018249 -825.6927378021608
-419.2570068018249 563.5820504762758
-419.2570068018249 -271.4060815348505
201.43246073997943 -255.97261466009604
-419.2570068018249 -362.13607332501385
201.43246073997943 -297.9528860389373
-419.2570068018249 -556.8740754970958
201.43246073997943 -121.93156828022506
-419.2570068018249 -465.2274366911464
-419.2570068018249 -90.74729724837164
201.43246073997943 -435.85438619721685
201.43246073997943 -364.25110872138555
201.43246073997943 -804.4358316511542
-419.2570068018249 607.5600433203304
201.43246073997943 -436.8592171629116
-419.2570068018249 801.8646085834434
-419.2570068018249 750.2000131271084
201.43246073997943 -342.9306328082167
201.43246073997943 466.93178335866855
201.43246073997943 -239.20782879046226
-419.2570068018249 253.40819802882424
201.43246073997943 -416.7509969367003
201.43246073997943 -718.7534411028771
-419.2570068018249 407.4226389745593
201.43246073997943 -238.00033191658815
-419.2570068018249 20.989517077159462
-419.2570068018249 -772.9580124872275
-419.2570068018249 -501.5003782723926
201.43246073997943 -530.8747392597363
-419.2570068018249 252.51545820962633
-419.2570068018249 133.49461892533645
201.43246073997943 -720.9688474374439
-419.2570068018249 -759.8531643893577
201.43246073997943 -817.915533469685
-419.2570068018249 618.7548037223735
-419.2570068018249 103.84111208366221
-419.2570068018249 26.50765789786601
-419.2570068018249 511.5253092006808
201.43246073997943 -949.708067070149
-419.2570068018249 -487.44242659115014
201.43246073997943 258.02902497296805
-419.2570068018249 -527.2506719994765
201.43246073997943 387.74758425082564
201.43246073997943 911.330571473673
201.43246073997943 193.2631466069597
201.43246073997943 529.6728973392371
-419.2570068018249 217.47388932685476
201.43246073997943 -481.02030032844925
201.43246073997943 160.72399875784959
-419.2570068018249 311.81094757520964
-419.2570068018249 165.65718683425257
-419.2570068018249 581.1403131384636
201.43246073997943 802.3793518330724
-419.2570068018249 -905.0863266199043
-419.2570068018249 -963.8987298441932
201.43246073997943 723.6112725764672
201.43246073997943 363.3409832115474
-419.2570068018249 -437.0756638737729
85
-305.71139687131904 -334.8842403770684
-305.71139687131904 901.4870261382789
-305.71139687131904 618.9008634828269
-305.71139687131904 300.5125998877463
-305.71139687131904 518.8282413057025
-305.71139687131904 -383.8518703364266
-305.71139687131904 -758.5746711406491
-305.71139687131904 -981.1728413931664
-305.71139687131904 691.8218748713882
-305.71139687131904 714.6050470577775
-305.71139687131904 427.0727357875337
-305.71139687131904 -729.9013924590789
-305.71139687131904 -495.3064980617781
-305.71139687131904 116.06997302518516
-305.71139687131904 -683.9174350435169
-305.71139687131904 634.3735334944975
-305.71139687131904 797.7831427298238
-305.71139687131904 880.2228619431039
-305.71139687131904 989.6493554248041
-305.71139687131904 -930.3587150498764
-305.71139687131904 -611.054705239465
-305.71139687131904 983.8077347543251
-305.71139687131904 -908.5687664370726
-305.71139687131904 -231.03591072108577
-305.71139687131904 885.8417799142258
-305.71139687131904 23.025838810502933
-305.71139687131904 720.8803618914571
-305.71139687131904 -35.458612347424946
-305.71139687131904 -256.9844816912125
-305.71139687131904 705.0769390427033
-305.71139687131904 -193.62427475046013
-305.71139687131904 638.8500334112375
-305.71139687131904 981.6312746499723
-305.71139687131904 119.5957701478967
-305.71139687131904 341.50571780274527
-305.71139687131904 82.08638000027099
-305.71139687131904 -323.96824696123144
-305.71139687131904 964.3047101296322
-305.71139687131904 -833.8162875533943
-305.71139687131904 746.5888592498645
-305.71139687131904 37.02317685860112
-305.71139687131904 -122.69228009786514
-305.71139687131904 300.3999762118797
-305.71139687131904 675.8066536811166
-305.71139687131904 584.9548505936789
-305.71139687131904 -173.38522251929646
-305.71139687131904 656.6534263223241
-305.71139687131904 182.9977965302421
-305.71139687131904 -793.0052821059896
-305.71139687131904 -841.4846307797505
-305.71139687131904 -617.8816311173565
-305.71139687131904 -389.630696529696
-305.71139687131904 -240.85900394456974
-305.71139687131904 863.1863488434121
-305.71139687131904 435.09543963590886
-305.71139687131904 807.1432754751838
-305.71139687131904 907.7010018516021
-305.71139687131904 -832.5046921227483
-305.71139687131904 -493.22920202466605
-305.71139687131904 -711.0172591827728
-305.71139687131904 958.7292182325123
-305.71139687131904 520.7289947770244
-305.71139687131904 -126.583878491993
-305.71139687131904 632.9182080070127
-305.71139687131904 474.4561669760524
-305.71139687131904 -122.87263170671588
-305.71139687131904 922.961019016225
-305.71139687131904 994.6557014945147
-305.71139687131904 -857.2214976156694
-305.71139687131904 -331.2388550619569
-305.71139687131904 985.7818080163022
-305.71139687131904 -241.7108601873532
-305.71139687131904 340.7112277504584
-305.71139687131904 -231.8007686877637
-305.71139687131904 21.492553138654102
-305.71139687131904 714.2216196761256
-305.71139687131904 449.35429089210857
-305.71139687131904 -950.7210050097949
-305.71139687131904 -186.03884816649918
-305.71139687131904 -454.2538918626475
-305.71139687131904 935.4350193087794
-305.71139687131904 -152.11176837313815
-305.71139687131904 -756.5481445235822
-305.71139687131904 990.1118718511689
-305.71139687131904 -35.452995756500854
95
816.6192875493239 911.3411081217591
816.6192875493239 381.9386413131672
816.6192875493239 -971.8413815599225
816.6192875493239 -944.367883879768
-939.7143362174265 704.3567402852045
-939.7143362174265 792.3375550875182
-939.7143362174265 -883.585377631872
-939.7143362174265 60.804476473067325
-939.7143362174265 -288.2002005076482
-939.7143362174265 503.4407634440263
-939.7143362174265 -923.4177881492895
-939.7143362174265 512.0720508574552
-939.7143362174265 -282.3553083727977
-939.7143362174265 542.6086351869485
816.6192875493239 700.0352722842235
816.6192875493239 261.6798421766757
816.6192875493239 811.5582777994039
816.6192875493239 -725.2792812976929
816.6192875493239 -218.05586462532506
816.6192875493239 960.2193259064106
-939.7143362174265 -289.12968203333867
816.6192875493239 -477.8814627117806
-939.7143362174265 -699.1042833299814
-939.7143362174265 616.0775025876553
-939.7143362174265 -794.2858875390859
-939.7143362174265 741.019288789266
816.6192875493239 110.44015609323833
-939.7143362174265 -24.64755014614491
-939.7143362174265 -895.6575043955108
816.6192875493239 824.6957988081647
-939.7143362174265 89.30473839833417
-939.7143362174265 -46.39175967589358
816.6192875493239 -308.70383818439336
816.6192875493239 711.1621503835295
-939.7143362174265 -154.58093714987012
-939.7143362174265 781.0866742191772
-939.7143362174265 -407.5674784089365
816.6192875493239 -253.20226374331094
816.6192875493239 -350.36464372235866
816.6192875493239 68.55922255616338
-939.7143362174265 955.9492149438913
816.6192875493239 373.1542656800452
816.6192875493239 -107.31772853003702
816.6192875493239 -414.52179501600494
816.6192875493239 261.2471369876723
-939.7143362174265 -638.4886411216658
-939.7143362174265 304.78960800210893
816.6192875493239 560.2378325705267
816.6192875493239 231.07335264923245
-939.7143362174265 225.5900493858278
816.6192875493239 -27.83727649392722
816.6192875493239 399.7202951810068
-939.7143362174265 -88.1273231562667
-939.7143362174265 952.1430089668172
816.6192875493239 -688.2901448651662
-939.7143362174265 -492.60566309704745
-939.7143362174265 701.7915580910376
816.6192875493239 372.4852077585799
816.6192875493239 876.509136888737
816.6192875493239 332.1098618910373
816.6192875493239 725.0341735297493
816.6192875493239 -220.0481086385879
816.6192875493239 641.5935013816484
-939.7143362174265 -286.4603967168995
816.6192875493239 -681.7601747082826
816.6192875493239 561.6636838100985
-939.7143362174265 -70.31287393522541
-939.7143362174265 422.14990432963646
816.6192875493239 826.5769495186587
816.6192875493239 -253.06301173339205
816.6192875493239 685.5193746612372
816.6192875493239 -824.8255270106632
-939.7143362174265 984.0839012522526
-939.7143362174265 -930.2439761100809
-939.7143362174265 180.43551229522382
816.6192875493239 334.43531699857704
816.6192875493239 -211.18063903869052
816.6192875493239 148.2099135521628
-939.7143362174265 538.2961472106454
816.6192875493239 371.55293056153073
816.6192875493239 669.43214324878
816.6192875493239 -173.48781436265745
816.6192875493239 -77.20262656600357
-939.7143362174265 -998.9043652583654
816.6192875493239 258.90767546443794
816.6192875493239 -890.9270129428293
-939.7143362174265 -216.1135691565836
816.6192875493239 -620.6211667083144
816.6192875493239 -885.8449151822427
-939.7143362174265 -558.6180998319999
816.6192875493239 735.2684844762891
-939.7143362174265 -96.42014847668486
816.6192875493239 -954.7960710161749
816.6192875493239 482.04676956398
-939.7143362174265 170.3041180738487
100
782.0163932550392 -448.1969241595973
782.0163932550392 798.3661858122064
782.0163932550392 598.5286268439463
782.0163932550392 454.41464791039607
782.0163932550392 706.8953190232226
782.0163932550392 -179.41990201037174
782.0163932550392 73.800992002979
782.0163932550392 230.8215167646017
782.0163932550392 660.1915185344137
782.0163932550392 498.803804019813
782.0163932550392 -778.113301743741
782.0163932550392 -975.5188132405385
782.0163932550392 353.7495803304264
782.0163932550392 82.87347584108102
782.0163932550392 -641.2419269346651
782.0163932550392 749.725789075492
782.0163932550392 735.3562940921511
782.0163932550392 598.3381695213652
782.0163932550392 -996.9198271091055
782.0163932550392 -23.811916707601654
782.0163932550392 -828.7654346985032
782.0163932550392 -745.4332968260313
782.0163932550392 574.7360439641907
782.0163932550392 450.7791126606139
782.0163932550392 -858.4392696906232
782.0163932550392 722.9015254165677
782.0163932550392 998.2875651949976
782.0163932550392 -976.8279670407464
782.0163932550392 143.69712214108586
782.0163932550392 -296.54726211973207
782.0163932550392 355.55195684554224
782.0163932550392 232.54550873444896
782.0163932550392 -493.1046539259416
782.0163932550392 -728.9801680275474
782.0163932550392 762.1116757200598
782.0163932550392 -818.7752800891292
782.0163932550392 917.9120001012245
782.0163932550392 97.5902020615381
782.0163932550392 987.0534885395844
782.0163932550392 636.2917696528732
782.0163932550392 714.4927917865177
782.0163932550392 -847.3247206536321
782.0163932550392 -58.74708544900932
782.0163932550392 -894.6866365547272
782.0163932550392 452.67203144198334
782.0163932550392 -40.85972537471446
782.0163932550392 235.20582016510684
782.0163932550392 -839.0818196523917
782.0163932550392 -26.774230225255337
782.0163932550392 177.8948954856569
782.0163932550392 -216.18858129413798
782.0163932550392 160.18735525149782
782.0163932550392 -199.0474989906994
782.0163932550392 917.1422964465964
782.0163932550392 986.4151302493281
782.0163932550392 -754.6790571434339
782.0163932550392 347.0300193522389
782.0163932550392 990.3548175018709
782.0163932550392 587.4427974033508
782.0163932550392 712.6793878693538
782.0163932550392 -802.9942246061088
782.0163932550392 40.02332448809989
782.0163932550392 400.60118221489824
782.0163932550392 948.6050699545167
782.0163932550392 828.5471832342839
782.0163932550392 -257.1440107395347
782.0163932550392 532.0642135196426
782.0163932550392 537.213436224396
782.0163932550392 -556.5559484552036
782.0163932550392 696.8562000474376
782.0163932550392 -438.9899908565609
782.0163932550392 43.87331448743021
782.0163932550392 138.9757000930315
782.0163932550392 633.6437061418756
782.0163932550392 -260.48880890320186
782.0163932550392 590.2365794536045
782.0163932550392 -424.5769149299646
782.0163932550392 -868.0197239408895
782.0163932550392 710.4319884451029
782.0163932550392 74.52236278988948
782.0163932550392 -89.16989666471784
782.0163932550392 862.6568224310588
782.0163932550392 50.147738811337604
782.0163932550392 915.0207128964782
782.0163932550392 193.41908234904622
782.0163932550392 425.3239198513063
782.0163932550392 -857.900480152213
782.0163932550392 682.6677870050594
782.0163932550392 -73.28766196078118
782.0163932550392 -181.17999436061893
782.0163932550392 553.9413384229069
782.0163932550392 124.73401482996996
782.0163932550392 -182.5307978786601
782.0163932550392 146.40290023291914
782.0163932550392 334.4085643499211
782.0163932550392 274.1713260086244
782.0163932550392 720.1994621156282
782.0163932550392 -268.7936420697372
782.0163932550392 140.10644105961092
782.0163932550392 -734.2242622294686
97
653.7006848028743 577.6783156037393
653.7006848028743 29.264293851158982
653.7006848028743 331.67009343529753
653.7006848028743 -472.47241228968664
653.7006848028743 161.60815585130172
653.7006848028743 568.7124290639933
653.7006848028743 216.22270592902873
653.7006848028743 -256.5478951997467
653.7006848028743 -241.93758650565235
653.7006848028743 -493.607435241302
653.7006848028743 838.4573012237074
653.7006848028743 67.1590447345286
653.7006848028743 706.5941544554942
653.7006848028743 -214.11739221326468
653.7006848028743 -241.6638488210914
653.7006848028743 -711.4518034192891
653.7006848028743 914.1342088580473
653.7006848028743 -870.9337014662035
653.7006848028743 902.8323076415959
653.7006848028743 120.13246782944088
653.7006848028743 -938.8329440150975
653.7006848028743 -861.9952216558488
653.7006848028743 -710.9018249847603
653.7006848028743 850.9757306158342
653.7006848028743 609.4432440935127
653.7006848028743 -338.3686632967226
653.7006848028743 -579.8720942119185
653.7006848028743 -57.082491327372395
653.7006848028743 -147.1833776954286
653.7006848028743 313.1445896038922
653.7006848028743 -582.7457853576876
653.7006848028743 512.3858207159662
653.7006848028743 -583.0704047427424
653.7006848028743 952.4140727960823
653.7006848028743 185.90497079374722
653.7006848028743 174.48264771876984
653.7006848028743 -855.4861558383975
653.7006848028743 988.880185697232
653.7006848028743 663.8340844815805
653.7006848028743 98.46741443637075
653.7006848028743 791.0844333453442
653.7006848028743 870.5234869874973
653.7006848028743 758.3972453618969
653.7006848028743 -925.7491807774984
653.7006848028743 -740.6649384068038
653.7006848028743 -213.1180641235078
653.7006848028743 -561.0847769262343
653.7006848028743 557.7396154266548
653.7006848028743 294.64337814820396
653.7006848028743 308.86725703430375
653.7006848028743 -131.99933914344706
653.7006848028743 -758.2365808947178
653.7006848028743 275.29786602432023
653.7006848028743 -701.2047956965939
653.7006848028743 767.6684743052681
653.7006848028743 -23.593879006059865
653.7006848028743 -123.16912428222611
653.7006848028743 875.187554340321
653.7006848028743 931.0578669394704
653.7006848028743 -451.6036696980301
653.7006848028743 -182.5399886047536
653.7006848028743 406.2282073701824
653.7006848028743 -150.94745738419886
653.7006848028743 -668.9622150839059
653.7006848028743 -951.3880844653146
653.7006848028743 -649.4234805174503
653.7006848028743 -509.0502726702422
653.7006848028743 -288.1700068138897
653.7006848028743 997.3965580228687
653.7006848028743 673.3311234318419
653.7006848028743 -804.5177822493647
653.7006848028743 -237.90788019667605
653.7006848028743 -111.23453018211512
653.7006848028743 -624.6434212579695
653.7006848028743 24.558955818821232
653.7006848028743 -297.66698521001024
653.7006848028743 -412.09558478901204
653.7006848028743 217.79679449025025
653.7006848028743 336.1198179831108
653.7006848028743 507.30825769590456
653.7006848028743 284.8443886598395
653.7006848028743 797.3566303796892
653.7006848028743 -521.1224607624139
653.7006848028743 482.1103713485902
653.7006848028743 -938.0572502285247
653.7006848028743 -779.2973806212666
653.7006848028743 -771.1996058049021
653.7006848028743 -611.8386649799857
653.7006848028743 -731.4762747109114
653.7006848028743 -28.043010036866235
653.7006848028743 -657.5623104120348
653.7006848028743 478.29558864967066
653.7006848028743 928.1789326979608
653.7006848028743 -347.0113838947706
653.7006848028743 -345.4848413520673
653.7006848028743 686.0013452574135
653.7006848028743 659.1624575189367
