5
34 34 17
3 12
8 17
33 18
26 20
13 23
29 22
27 6
32 33
11 4
7 2
21 16
2 3
30 21
24 1
16 8
22 7
20 27
1 29
17 24
6 11
19 32
23 5
25 0
15 9
31 10
28 15
18 31
9 25
12 19
4 28
10 26
0 13
14 30
5 14
11 11 5
6 2
7 4
8 1
2 7
1 9
3 0
5 3
4 10
0 6
10 8
9 5
38 38 19
20 2
34 35
32 37
16 13
25 32
27 31
24 23
36 0
2 10
19 26
0 7
26 22
30 8
12 17
4 36
35 16
17 24
6 5
28 34
9 30
37 14
18 11
7 21
33 27
14 3
29 20
1 28
22 29
21 15
3 6
8 19
15 12
11 25
31 9
13 33
23 18
10 4
5 1
47 47 23
41 22
45 29
44 10
37 20
25 42
31 0
6 5
32 33
4 35
27 14
19 41
0 3
36 40
40 39
14 34
26 24
46 17
33 45
34 30
13 18
15 37
18 21
7 1
35 13
42 23
10 6
24 31
28 4
5 27
23 19
1 16
2 12
30 11
11 38
39 43
29 7
43 44
16 9
38 26
21 8
17 25
22 32
12 46
20 28
9 36
8 2
3 15
22 22 11
11 13
9 20
16 21
2 12
1 5
5 6
17 4
21 10
18 14
13 1
14 17
4 16
15 0
19 8
3 15
6 9
7 3
20 19
10 7
0 2
12 11
8 18
