5
34 34 17
13 11
22 26
25 14
23 31
14 17
7 12
10 32
12 20
15 33
3 7
17 30
33 21
21 10
2 1
32 25
11 22
28 3
8 19
6 27
29 8
5 16
19 2
27 9
9 24
24 18
18 5
26 23
31 0
4 6
0 29
20 15
30 4
1 28
16 13
33 33 16
24 14
6 32
12 18
18 28
9 5
32 19
14 30
8 26
1 25
22 24
2 9
16 7
25 31
20 29
3 21
31 27
4 8
23 1
17 2
19 15
28 11
0 12
15 4
13 17
27 6
26 22
30 20
29 16
5 3
11 10
7 13
21 0
10 23
12 12 6
1 3
7 9
9 0
10 11
0 10
4 8
8 1
2 7
11 5
6 4
3 2
5 6
37 37 18
2 27
33 2
28 1
20 18
34 25
15 7
10 5
19 31
35 9
16 4
7 3
29 34
25 15
0 11
26 13
9 23
1 16
24 36
21 19
13 17
22 21
30 0
32 29
23 6
5 33
27 32
4 8
36 14
17 30
14 10
18 28
12 35
31 24
3 12
8 26
6 20
11 22
30 30 15
0 15
19 17
11 20
23 2
3 24
28 10
10 8
2 6
29 21
13 11
20 19
12 27
24 5
4 0
9 1
27 3
15 29
16 9
7 4
1 25
17 18
21 13
14 28
8 16
25 23
6 7
5 22
22 26
18 12
26 14
