5
24 24 12
23 11
17 19
15 18
22 21
21 6
7 8
0 4
5 16
18 0
4 13
2 20
3 15
9 1
8 22
10 5
1 7
19 10
11 12
6 2
14 17
20 23
16 9
12 3
13 14
39 39 19
36 18
8 29
34 7
14 6
3 9
13 31
25 8
17 22
12 15
37 20
26 34
21 13
22 27
35 17
11 10
7 19
32 38
0 36
28 24
27 4
15 26
4 25
20 3
5 21
31 11
18 5
16 35
29 12
9 0
30 2
38 28
24 14
10 23
19 32
1 16
6 33
2 37
23 1
33 30
11 11 5
10 1
4 2
5 10
8 0
0 9
2 6
9 3
1 4
3 7
6 8
7 5
34 34 17
6 16
16 14
10 0
32 10
8 12
26 31
5 29
9 28
11 9
21 17
29 27
2 23
0 7
28 21
27 1
13 32
18 22
22 2
3 26
30 20
1 33
17 6
19 11
23 24
20 18
4 25
14 15
25 13
31 4
12 19
24 8
33 30
7 5
15 3
34 34 17
24 19
21 11
14 25
19 20
23 17
6 22
7 18
9 10
27 9
1 6
4 26
32 21
25 23
18 30
26 7
33 2
28 14
8 3
13 8
12 31
11 16
22 13
0 33
31 4
17 29
29 5
5 15
3 24
16 12
20 27
30 0
10 28
15 32
2 1
