10
221
-1.237277102 2.504335777
-1.182430549 -1.796711607
-1.107886462 -1.619768437
-1.831808834 8.350807023
-1.084635709 -1.772339806
-1.052126856 -3.208068221
-1.173626322 -1.156652329
-1.078434048 -1.881361741
-1.083950077 -1.019747726
-1.17829327 -1.49109076
-1.235870914 2.408495209
-1.232701952 2.684361979
-1.421301907 2.327714797
-1.233626356 2.251600874
-1.047212471 -2.694934535
-1.514479444 4.630202853
-0.864077922 -4.084875945
-0.976600395 -0.570639719
-0.998194101 -1.887735829
-1.218928044 3.177917403
-0.678698978 -2.072381346
-1.244924149 2.259803405
-1.156840285 -0.96273449
-1.225252575 2.536560013
-1.152422731 -0.434015269
-1.072303676 -2.009595784
-1.115348129 -1.693446718
-1.173306489 -1.113504973
-1.052092628 -1.321194566
-1.09286802 -1.665900163
-1.496535276 5.850047928
-1.098721882 -1.622042819
-1.273764934 2.212596538
-1.221038751 2.981879135
-1.450763522 3.904446196
-1.128579386 -0.217501698
-1.184938969 -1.901810873
-1.170782942 -1.133001844
-0.97115306 -5.613085357
-1.028390222 -3.329298791
-1.378159898 2.148136618
-1.278393096 2.232226567
-1.094389083 -1.651727703
-1.080649112 -1.839865925
-1.171161639 -1.142933855
-1.183353565 -1.837124554
-1.236629569 2.526609301
-1.169431458 -0.997575326
-1.065156363 -2.181110015
-1.238544937 2.351664078
-1.057029424 -2.400641812
-1.17963679 -1.397972675
-1.237972442 2.362749052
-1.183204281 -1.699303349
-1.242429309 2.355922475
-1.174329868 -1.178676022
-1.077686258 -1.895975652
-1.139646479 -0.284482003
-1.168751803 -1.086287075
-1.097569368 -3.306093869
-1.182471891 -1.801381519
-1.088729706 -0.978389037
-1.071054611 -2.037958075
-1.184791257 -1.882688319
-0.943554754 -3.866270461
-1.220316129 3.043265522
-0.961406713 -0.63938435
-1.24428976 2.113001693
-1.084855459 -1.768899964
-1.224777812 2.736023868
-1.177649086 -1.379587904
-1.231711308 2.731408844
-1.231942404 2.519878458
-0.995547196 -4.590878102
-1.229376798 2.366649379
-1.065354731 -2.176060906
-1.080851207 -1.836216954
-1.18656338 -2.140518165
-1.100437949 -1.614987936
-1.23904732 2.447938627
-1.229244911 2.864570729
-1.154625309 -0.738156112
-1.221333081 2.958382702
-1.191121486 -4.862498506
-1.22422934 2.591205031
-1.122145882 -1.837098636
-1.153255724 -0.79209963
-1.227722099 2.691529975
-1.172163129 -1.046991876
-1.179587006 -1.513355111
-1.223312855 2.960872287
-1.177738749 -1.385621545
-1.632319324 18.704820888
-1.174124336 -1.179863145
-1.167061231 -1.054815607
-0.961608703 -6.027278777
-1.161559159 -0.843420926
-1.155748093 -0.801144647
-1.125867935 -1.954059555
-1.170430688 -0.955679473
-1.465695931 4.422901093
-1.008249008 -4.084363418
-1.222443989 2.70229695
-1.22114125 2.973601688
-1.254796912 2.087049291
-1.253835941 2.08660821
-1.172178167 -1.047462753
-1.47532754 2.57779397
-1.236001341 2.205675737
-1.183921791 -2.20018441
-1.231465151 2.486265013
-1.110785351 -1.63926389
-1.231369386 2.748443674
-1.519937492 4.69302786
-1.259302086 2.344466293
-1.110385788 -1.635925256
-1.037029419 -3.028085834
-1.230711067 2.325173517
-1.1057977 -1.612190629
-1.183593302 -1.937372916
-1.137960542 -1.995209063
-1.003703071 -4.263283949
0.064213784 -20.933054753
-1.287839315 1.955064534
-1.126803811 -1.98839075
-1.226436032 3.050961685
-1.230685172 2.564395114
-1.186569346 -2.273070144
-1.245246536 2.29219425
-1.176561887 -1.341321216
-1.0626703 -1.520285969
-1.336662208 2.009503793
-1.107804275 -5.458318448
-1.156110766 -0.500387201
-0.980364926 -2.548208039
-1.219114494 3.158414549
-1.182996475 -1.862689134
-1.183585676 -1.862545145
-1.183734398 -1.756383583
-1.001604981 -4.34677535
-1.022774448 -7.947501995
-1.137706925 -0.269521647
-1.101652091 -3.925498707
-0.692125777 -11.385491232
-1.153345773 -0.728444869
-1.258241892 2.188898388
-0.947941936 -6.631700583
-1.218714145 3.022921395
-1.256134708 2.088403928
-1.18127006 -1.520261877
-1.092709971 -1.53190867
-0.944938836 -0.715836962
-1.122925302 -0.197233028
-1.157741122 -0.965799537
-1.083332395 -1.793361295
-1.122729194 -1.853468618
-1.172900288 -1.089062966
-1.185927334 -2.040380719
-1.218947779 2.998283431
-1.161216201 -0.98542939
-1.104129729 -1.37976021
-1.172747749 -1.189294974
-1.059986804 -4.374168505
-1.181992085 -1.907890615
-1.226102573 2.67110754
12.816386193 -238.4001371
-1.159466547 -0.82427004
-1.229539261 2.540670013
-1.184526738 -1.84938777
-1.182880254 -1.666261041
-1.164089318 -0.703063812
-1.221961156 2.736321816
-1.185155148 -2.161854933
-1.10020991 -1.615762836
-1.186017049 -2.053947887
-1.092240453 -1.672281756
-1.25421788 2.322155688
-1.000091328 -4.407353532
-1.280613038 2.527562514
-1.164601588 -0.881062524
-1.292221179 1.950627523
-0.950898629 -0.68795906
-1.179962848 -1.660259289
-1.229343857 2.546854218
-1.234351436 2.423636216
-1.175465001 -1.289856694
-1.227521469 2.701454449
-0.954632271 -6.334260833
-1.148651574 -0.963922566
-1.105828655 -1.612265432
-1.186112534 -2.324561545
-1.175083939 -1.227738661
-1.175083367 -1.153081943
-1.233465223 2.25513368
-1.135380824 -0.694903476
-1.134616486 -0.248770146
-1.130017513 -0.709209649
-1.160894303 -0.983037454
-1.158518893 -0.969073572
-0.824242677 -3.866854955
-1.11411657 -0.787695709
-1.227521565 2.611296433
-1.163938292 -0.860733886
-1.164767178 -1.02109191
-1.163683304 -0.868339991
-1.776297843 13.141185651
-1.179039222 -1.358591339
-1.225376795 2.705490904
-1.091312282 -1.682276227
-1.115434316 -1.694771095
-1.112709213 -1.658414508
-1.669034736 3.561612658
-1.184391991 -1.832874749
-12.34365791 133.837015246
-1.149157711 -0.385522369
-1.180227761 -1.689727555
-1.329551382 1.99150067
-1.179997352 -1.664053394
-1.182314819 -1.783760017
-1.229389692 2.366221605
-1.184160265 -1.928943392
241
0.213985526 38.711787036
6.459671258 -28.89658242
15.069107146 52.53330636
-3.591346701 25.349618753
-18.474763768 21.812707898
1.463631082 -35.434798838
15.87314421 -40.694608612
-2.615352223 27.084451773
-0.532107621 20.581029866
1.231992608 27.854752318
6.387270257 -38.201847149
-415.20296422 -1637.960384032
6.534405196 17.335921537
15.248194035 14.687388307
-1.308519158 46.232457573
2.138538961 -36.721188717
8.821736932 -28.244415836
14.907748214 14.412305652
79.162554975 92.314346916
9.914387793 -9.666014628
0.517089521 51.423853471
6.397941334 -17.321977784
5.438617852 32.742040317
8.522498948 13.506774784
1.999635788 -34.549581697
4.852648596 40.137353101
-0.752704117 -24.905365524
2.028143364 -43.676837077
7.905237999 -29.494365967
-3.822703083 -22.811756805
1.097030796 -26.594888672
5.317454251 -29.925038028
5.226332079 37.583967085
3.709191962 -39.427022231
-7.777893266 -27.070806955
-621.700669154 2138.475064502
2.318625034 43.180798593
11.477215041 -6.98595565
0.989409471 46.47223885
5.003411157 35.336174975
4.857470519 39.962859887
6.447247282 -37.563379476
6.402630867 -17.29108253
2.144541949 -46.169235492
-9.747289845 21.430219173
1.51404344 30.305429974
7.468838861 14.600480839
5.890212394 -21.560930088
5.278431065 36.265610817
7.757985532 -11.756995066
1.078486026 26.76069447
7.834056271 -29.673177985
5.411303937 33.292527939
47.351117127 172.443733286
6.789290069 -25.058448373
-1.561931338 19.024857647
6.513046175 -16.59754102
1.969205829 -42.547864107
8.560608395 -28.431537007
-1.572537999 -23.842722636
5.158994793 31.499680295
5.300915816 -30.262422067
6.177079191 -33.037946643
8.003585391 -29.270407924
8.665205444 -10.095689602
0.921045748 54.574289146
2.316010101 -40.179955105
16.323437081 -9.917894913
0.474167101 51.155059484
0.855800499 44.825442199
4.032252822 -120.47637558
2.392071158 -41.966113574
2.410968601 -42.443984117
25.860178309 -15.993626702
2.015293999 -34.774984295
0.866567542 -25.514917579
7.582973887 -12.208203885
-0.478030509 20.695288975
0.849907116 -25.445859805
6.338793838 -30.555283568
0.919337741 -30.896121179
-0.008174636 37.103811212
6.561074906 17.218888255
19.993533357 19.229952993
7.063195582 61.14038337
-1.163973177 31.215721202
-4.480490777 24.204551006
0.104737519 49.247517309
0.230579211 -83.581270645
6.45999956 -37.432406115
11.987520422 14.960736635
12.031169443 12.620186552
-8.978076232 21.588959498
5.255642452 36.830613578
2.137891602 -36.710099139
18.461805149 17.6540698
1.737261021 -31.358416369
-2.032061823 46.174180335
6.135245163 -41.344469339
11.979500658 -6.387912317
29.575134275 -18.721225881
6.108944599 -73.885112808
8.176657606 -15.347797516
-0.631545562 33.511855488
1.427343901 29.48219946
29.176873308 161.592825107
-0.367897786 34.88899313
6.403467178 -29.648636
21.981299717 -98.873768765
-6.991541555 54.9344121
5.032765698 -36.978752604
5.425039218 33.013343345
15.061901472 -38.529938632
8.807403641 13.178013989
1.614981648 31.356187612
55.589090691 -426.875434869
6.227563811 -18.533080707
5.254034783 96.241196716
8.721156126 -37.147742259
5.561292188 30.48533394
2.073023417 -35.646911975
6.087601665 -34.561734492
-4.01034814 17.896187575
7.640608953 -18.23828796
54.912214594 245.095955248
-45.52780882 -70.005397998
1.270961697 -33.563305081
6.926048577 -33.601295895
5.199523412 30.642682479
12.807709219 -5.59235801
7.16615161 -21.60242091
6.936920974 -14.437408073
7.919544948 -29.460154449
5.578421532 -25.434001893
10.727835869 12.32393925
5.34854149 27.889573626
-4.852490951 50.004813757
7.29541232 16.37025289
-0.372644191 34.862523744
8.643098916 -28.360058856
6.234887351 -32.11271139
6.848039015 -34.129622503
1.402508326 -34.803125254
18.46292828 -48.045248488
13.539750094 -34.734953374
-2.128911944 46.213623842
-1.809300397 -23.652369856
1.747964341 32.916669408
0.802292809 53.518637914
2.300844564 42.731798879
-1.336209594 46.216978353
6.703787804 19.041932384
1.5950407 -36.930403043
88.034299708 -24.223528811
16.93447115 -10.228922945
5.957530998 20.808250629
10.8259174 14.018681027
10.447694899 -28.96228256
-5.150339509 17.963605782
4.998626598 35.470082406
-5.893159087 -87.602457428
7.945753266 -16.496379292
5.259873781 29.457297006
27.714676757 182.325788045
-0.423157105 34.584827566
6.337335691 -38.763011878
6.460673132 -28.883465613
0.838057982 -25.397418379
5.977710703 -43.764976906
5.430140506 26.604816223
0.872017538 25.495840594
6.146206469 -97.464028291
7.584069359 -18.593360569
21.670461118 -57.736247787
44.975705754 -9.159240363
12.666116582 -49.25767255
6.291409418 21.842718739
10.697213367 -8.65372038
-8.316077196 58.405745123
11.55847924 -30.603652258
5.209897088 38.020121737
5.211173583 37.985881836
6.104219571 -41.79011568
0.882762596 -30.662885561
12.361628168 15.318325729
9.992339894 -9.493625645
-1.432055196 -21.847483792
10.81637128 -29.432643098
8.772816166 -9.956214324
1.510341905 -35.943872721
1.189401463 27.536425244
-10.259999257 21.351894174
1.369445669 28.969014258
4.987369108 35.789411534
13.65847827 16.703978736
8.471428226 -14.056552646
-11.15972416 66.482177352
1.950063783 35.765470134
5.243991223 37.126407411
-4.540570868 24.138666136
-18.214682887 -42.060547118
6.027064919 20.272195923
77.144161808 -20.275978846
4.969626472 -38.997607364
10.027174398 -9.418206697
1212.672583976 -4107.028125591
5.982500005 20.611142285
1.859713522 -40.651794463
3566.156487675 -1340.176414291
-9.675830935 -27.260408574
6.154234021 -19.112885387
-9.276198323 -175.138798687
5.14793214 -33.772166165
8.345891388 13.600690343
1.020370455 -31.579675404
7.018227407 -22.8605497
6.05459122 -42.533595232
21.73037997 -3.495560656
2.206544995 -37.943555786
2.091718807 38.205152998
6.086191901 23.671415573
7.459152862 14.617894331
9.58616894 12.568920037
-0.271623871 35.440351725
12.576222804 12.864596029
0.867025324 25.467819152
11.078834627 14.198333895
5.667105063 23.551574505
7.04748288 -32.853222415
5.840748958 21.804879996
9.063574842 12.925741
6.337367199 -17.732300304
9.732367124 -9.074789302
6.697605783 -35.266391172
8.192853558 14.055535482
15.565937936 -9.560126912
-6.3591827 53.373240789
2.06192758 -44.362320192
-5.113903379 17.957962994
12.890863052 -33.257357538
14.591669153 43.321486666
206
-3.214861087 16.748123896
2.129726944 -7.834848855
8.122277687 8.499232424
0.86852942 13.281022937
4.917799603 17.637692471
1.030470702 3.961648379
-173.823875793 -318.678476883
-0.950992653 -23.134133935
7.60774846 11.059985697
4.930442621 -6.373321106
4.634774935 11.553068765
4.504488099 -14.048209934
-0.094942023 5.406279812
2.903763873 3.197370862
1.472506819 5.018259462
4.520574863 9.668524473
1.96298134 -5.769186022
5.193461753 4.530110418
-0.49915016 -11.628206815
5.217393042 11.626304668
1.759079331 3.248719935
8.301270052 6.912463985
2.349218854 -3.293619022
4.237968076 -3.236348938
2.4645843 3.257418997
2.995534572 2.889730256
1.082494927 -3.685507008
6.968982421 5.515879356
1.64828302 3.310872944
1.661049126 -3.303504425
3.735535222 3.316752537
3.327939586 -3.205628023
0.625876554 4.044232851
3.957212142 -3.100621585
-5.139750015 10.094312859
-27.601105963 36.442980719
12.571287501 11.70916466
1.041601422 -3.71582398
2.816830139 2.898759611
3.209886605 -2.899398374
0.249409303 -4.368486192
3.613991354 3.274975496
-0.493194475 -5.063096801
2.338152987 2.997665451
-3.699273478 8.47049656
-10.097868297 -15.822104629
2.374590302 -2.986454411
3.121058784 -2.892682667
-1.145454931 5.715821035
15.985617824 -15.667789428
12.620002817 12.941718663
3.583609296 2.968776054
-3.281627143 -8.807004447
-15.463534067 -24.324734674
5.976756933 4.55483179
-13.379604438 -19.664120977
1.254309379 -3.56253765
-2.403328774 7.044343522
2.120555386 3.076441325
-4.671944703 -10.520061634
-3.698205257 9.316235384
10.840075003 9.731386683
0.292890886 -4.329920946
1.716003838 3.272396385
1.14299727 3.641376232
-0.570665565 5.138859938
7.581486588 6.146851955
5.451465362 -4.09210942
2.021535827 3.118715918
-1.580155617 6.166443378
3.077179833 2.890778365
-0.303316786 -5.367732638
3.117042329 2.89246943
2.980379535 -3.178882483
2.3327932 2.999363614
3.490928579 3.240052374
7.783825439 -6.359793875
4.177527046 3.525158981
1.153328099 -3.633929102
1.584696171 3.683189982
2.270071688 -3.020160766
6.816554576 -5.898894404
4.757362058 3.556747524
-6.916588004 12.129784041
3.243049021 2.902883145
3.705163258 -3.00513533
4.754925016 3.910568265
7.389172332 -6.541018333
-0.506845182 -5.076407774
2.1938975 3.047673255
0.162663445 4.446213886
3348.535002354 -3970.356217816
1.844993352 -3.203411441
6.50468337 5.560258322
0.955341084 -3.781020127
2.526285408 -2.946150715
-0.107461164 4.694477411
4.055969958 -3.459510649
9.997843744 8.781956354
-0.885555557 -5.45193196
1.205552312 -3.59668617
4.339670836 3.292461946
-0.230435586 -4.810332941
-4.213582657 9.046642153
1.772756863 -3.24133455
4.920468623 3.672972794
-1.567123102 -6.768062896
8.459992789 7.084019483
3.462670466 2.939188257
12.048040226 11.108456687
2.255911074 -3.327598773
13.190639148 12.422779857
0.637782612 -4.437796119
3.243447641 2.902928253
3.517867884 2.951863574
1.144533779 -3.640266967
12.760467691 -13.119547858
5.921571255 -4.504398522
-20.946576983 31.435074184
5.421397818 -4.066921913
334.979726467 -433.379047117
27.182556306 -28.83232372
2.405964537 2.977270614
7.278595826 5.832037516
-2.089352626 -6.706263473
20.556734772 21.0233929
6.575152611 -5.635982726
5.563244467 -4.187084723
23.060533079 26.367101618
14.120759833 -13.498779191
2.656485787 -2.919978004
3.619960637 -2.978963911
-10.142943177 -17.462171372
-1.70562273 6.298368732
3.097420897 -2.891540442
5.192544704 3.880611258
3.299272408 -3.2009979
4.01841156 -3.127685266
31.383112011 37.175592684
0.866772159 3.849645163
2.216072466 3.039412403
2.595308671 -2.93129058
0.877361568 -4.225488759
1.970198797 -3.456353707
1.715231883 -3.272826411
4.62753149 -3.469174223
3.898792536 -3.383781631
3.275720489 -2.90683336
7.798752038 6.375579185
-7.554136869 14.152472361
3.134753383 3.182815504
-0.316987675 4.892839924
-3.784226885 8.565337267
38.121415658 41.769094232
4.972422283 3.711349523
3.758466896 3.325424774
2.506005592 2.950934783
2.15112696 3.064182118
26.733805933 28.302493864
63.560490133 -71.917322617
3.314756214 -2.912222974
-23.708692941 -31.840249235
-0.824853094 5.390979039
2.920004759 -2.891652815
4.428867686 -3.344486561
3.388205603 3.216760064
-217.737894984 261.992039154
4.778448929 -3.571395854
0.402189052 -4.234207019
-0.280980741 4.858422219
5.403709255 4.052177906
4.273972411 3.255812785
2.614071975 -3.220397608
4.256585764 3.246357964
-0.30189299 4.878395463
7.733967684 -6.937856339
4.397273655 3.325766886
-221.845596597 -266.866628478
1.341884854 3.50276613
8.396024214 7.014775273
4.915903092 3.669630696
6.729762258 5.276154327
-12.033240714 -19.893690443
-2.044014044 -6.657748876
4.50095107 -3.388362703
10.953639259 -9.860163079
1.065373347 -3.698153072
6.910021845 5.456400713
-13.356933643 -19.637508536
1.99660921 -3.129963097
5.933577577 -4.515337991
-0.606209334 -5.173795575
-9.615026647 -15.25908129
4.735502382 -3.895853569
-2.601828742 -7.259826898
1.598195796 -3.340289727
0.678327447 -4.000931086
2.77428566 2.903189229
-1.377405241 -5.954948936
0.552593363 -4.516103697
3.463699293 -2.939411661
1.126200387 3.653539934
-8.849260326 14.367771171
9.123199846 -7.809233993
5.039276853 -3.761644147
5.250736049 4.319746705
202
1.323512514 -3.41152456
0.256566078 -4.137400764
-2.72355669 -10.155285554
0.283237474 4.622009562
3.69809336 -19.997670344
-1.493792368 -4.245462285
0.076836788 1.411522573
-4.424766278 -7.70502733
-2.972426488 -13.513909967
0.402713266 -2.193307465
3.579733425 -11.505772871
1.265108632 3.959130641
1.003462809 -2.36230717
2.353992939 -11.920425245
0.165268221 -1.922357506
-9.710399888 -39.65088418
-0.008666346 2.884120487
-0.372316538 2.323723047
0.10147592 2.465716656
1.139497751 5.587221266
2.020764867 -9.912823008
0.394740818 1.732721585
1.390658976 5.904926986
0.92016662 2.989096216
0.13267246 5.322666154
-182.748929282 -559.426757973
8.180463401 -23.124655644
1.537825715 6.217043649
6.635515007 31.200196708
-0.154940066 -5.873285441
0.548617149 -1.494806395
0.26341621 3.711571228
-2.599213734 -11.614898345
1.403802949 -6.013409093
0.693583119 -1.986302103
-0.572787841 1.670302414
0.424071019 1.889112985
-13.06873597 -32.431581996
-0.191899087 -1.428963377
3.194426466 13.523448993
-0.862645165 6.827206396
0.514460036 -3.553304956
4.619635666 18.172366143
0.013777687 5.794713778
8.862428456 -23.762597155
0.638872407 2.520872624
-1.317215044 3.419924978
-0.216799382 2.523858588
-0.506877383 -3.544071363
-2.286653175 4.779140685
9.888770171 -32.061192587
1.056157171 -3.148704467
1.006914721 -1.684368829
1.290474603 -4.402001751
1.959397751 -3.427041858
0.704413083 -1.752849093
0.304978706 -2.751527677
-0.682340111 2.233365208
0.985957872 2.887540719
-42.067455702 136.919688742
1.706177304 -4.059554522
1.259141867 3.004206792
-0.083169464 -1.27236214
0.936803527 -3.088287643
-0.602465288 -2.4896907
1.49479125 5.773850663
0.415439826 -2.08583746
0.576229412 -3.893823366
-0.764090941 -5.546061722
0.532965195 -2.169972211
-0.513971708 7.578066934
-19.796960859 -54.599212625
1.101945573 3.56439506
1.443257458 -3.423379058
0.404540127 -3.113961091
0.704521433 3.807369251
1.617979705 5.183851332
3.868991529 -22.542623349
0.517035173 -1.34603022
1.10454423 -2.625562387
-0.050083718 1.759970131
2.444296855 -15.47234852
0.171084757 -4.846921827
-1.944667256 -9.492227712
-1.706822952 -3.420442655
0.538318154 -2.409945516
0.257490887 3.303432367
1.047619427 -2.009092996
-0.843315451 -5.661405389
1.269379569 1.918776372
0.315425419 -2.430711289
1.150925556 -2.397901824
-0.591167197 -3.044438153
1.611408117 -11.633022055
0.419663501 3.640188811
0.110218254 2.363502454
0.42486733 4.067716673
2.64798558 11.278718806
-86.090810681 -222.93488886
-0.589674043 -5.786993898
-5.649991271 -31.72563327
-5.717296285 -19.64688727
-1.015607423 4.069075207
0.537845865 1.49265487
-3.647636542 -19.223615241
-5.37986891 -24.096344829
-1.084095767 3.283826822
-1.697282951 -6.194377589
3.910713199 -22.828958989
2.245097895 2.936706323
0.253010488 3.659791447
0.131134885 -4.59734339
-0.211749991 2.644304042
-5.917928512 -13.599575659
0.435077936 3.561085217
10.664833796 33.146862749
3.659187556 22.873461508
0.011282469 -3.934294129
1.184760744 -1.82372023
1.225691592 -3.518424162
0.049921115 4.932409902
-0.247982903 -4.452332883
-0.124388709 -3.733555899
-5.872098951 -17.006485462
2.361539629 -10.019886047
0.032554206 -5.131317121
-2.767862731 17.338064579
1.095168819 -8.545809327
0.145317216 3.024433834
-30.436695539 -77.542989426
0.798546028 2.272876389
6.191619148 14.5745868
-1.401741621 -3.344855131
1.113501352 6.438973082
-0.069668557 -4.35044152
0.37182171 -1.913601879
-0.425020227 3.237511832
0.608902191 -2.005050908
-4.879862077 22.549937142
0.237885051 -4.540599363
0.358712779 -4.564323838
0.001409591 2.002082898
0.175118106 -3.135158263
0.044912345 3.4857244
0.981226577 -5.353513551
5.640175526 -25.11696612
2.901292585 14.646878444
-1.005220625 -6.622493909
-0.069662406 1.992578417
0.831080719 4.748674012
-2.39147745 -12.305542691
0.037054118 5.500139265
-2.072467277 4.968989143
-12.082466666 56.301400292
-0.395489671 -5.111295981
0.371811727 3.54437391
0.763909944 -4.261438686
1.029335524 2.457888571
0.361040205 -2.097450917
0.398145495 2.712481949
0.781068785 -1.988042615
-0.72759436 -1.79354478
-0.096840004 -2.347608486
-0.344307592 3.679627999
-1.655911632 3.667467005
-0.545755989 5.458776436
0.653389707 -1.426813033
1.48800392 4.142590063
1.04579148 1.695631649
-0.241941714 3.92645228
-0.321057231 -3.320500277
-0.185397444 3.303953617
-0.861340849 -3.406572189
0.074473573 2.546582696
-28.938917798 110.744710885
1.155357628 -5.964976433
0.260248071 1.612846561
-4.607267984 15.49684299
2.601617895 7.006718282
-0.564816891 1.785902371
0.207744742 5.047299363
2.342131378 10.229457579
0.845933344 1.558247261
-0.018619636 5.037777219
2.834382588 12.759458265
-2.385332919 -4.079091408
-48.760715379 275.806881994
-6.5120937 29.976001397
2.72445392 -8.316835948
1.417712402 3.913072528
1.509390696 5.668842638
-0.393124216 2.566251306
-1.574817029 -3.574420445
0.580134712 -1.323499515
3.092319529 18.881442958
-0.605299208 -2.727995881
-1.988800737 -5.254881375
0.934283529 -2.436653852
1.061974223 -2.923960345
1.384458138 7.395935325
2.475371998 -15.018652281
-1.889282113 -6.067351266
245
-2.497825023 -2.489570204
-2.629529082 -2.187953335
-2.791421096 1.586335817
-2.671097506 -2.517256847
-2.962595775 1.20600212
-4.427653633 22.873710778
-2.819787666 1.694052372
2.033814249 -29.378834754
-2.517969173 -2.13525495
-2.502646752 -0.833046192
-1.469698173 -5.784197231
-2.625922981 -1.662018234
-2.813890523 1.747540636
-2.771340672 2.365364948
-2.476799919 -2.482430246
-2.845884499 2.066549042
-2.652605452 -2.483508029
-2.835407417 0.886524452
-2.538783067 -1.36404552
-2.971596585 1.220745449
-2.783770438 2.298822061
-2.78529988 2.25325922
-2.537254897 -3.172107535
-2.666169569 -2.349950509
-2.808126211 1.232280389
-2.555823039 -1.377962618
-2.618181702 -1.599343669
-2.663933867 -2.750331284
-3.023712542 1.016248076
-2.634716155 -1.591604868
-2.792097152 1.916818906
-2.604069992 -1.260023458
-2.823418321 1.014447644
-2.964794985 1.209468332
-2.66023288 -2.49041855
-2.779862839 2.012247979
-3.073695784 1.103526042
-2.787883397 1.685592871
-2.804650312 1.293623341
-2.84234875 2.113456781
-2.578301711 -1.091617223
-3.89382832 7.017113179
-2.813070333 1.755924888
-2.790350393 2.120929594
-2.920356355 1.593033489
-2.832322575 2.268347148
-2.655694777 -2.080574251
-2.833715558 0.902828675
1.768338491 -17.454147929
-2.597714436 -1.743452147
-2.491588146 -2.48570373
-2.773333428 2.701626709
-2.493031237 -2.486458016
-2.787774832 2.030330034
-2.664825195 -2.626709247
-2.609963433 -1.309648344
-2.603920132 -1.512345187
-2.629304171 -1.959051992
-2.553095795 -2.048651056
-2.81772797 2.569088169
-2.932779993 1.64883222
-2.460310664 -2.351343399
-2.390749008 -5.440580427
-2.601765953 -2.049963688
-2.618184575 -2.112148635
-2.416061168 -0.705738349
-2.530018247 -1.649410702
-2.815642878 1.115887474
0.66494135 -14.36108072
-2.50439091 -2.495433961
-2.53808776 -1.64716623
-2.660811359 -2.664853176
-3.829184004 0.19500405
-2.781531623 1.956311235
-2.772657429 2.281010902
-2.635518116 -1.603428322
-2.198022355 -3.088743124
-3.079780547 1.67460693
-2.865636759 1.533530617
-2.657793355 -2.127019146
-2.491823224 -1.686961225
-3.921285661 4.43942607
-1.755534633 -0.628439235
-10.544329777 90.743323614
-3.167132167 0.169064862
-2.579244859 -1.685169093
-2.611175814 -3.121458693
-4.888137186 8.088717963
-2.993814373 0.294371693
-2.42133419 -2.526847296
-2.981041041 0.958662575
-2.986417923 0.304863137
-2.506780821 -1.364295969
-2.524756969 -2.115003895
-4.445021755 0.331514956
-2.8824611 1.742407808
-2.78771695 1.690539381
-5.157212205 9.111105507
-2.572476262 -1.405073871
-2.448686598 -1.765503817
-2.814634038 2.647833418
-2.624625735 -2.151142472
-2.828452719 2.338233744
-2.607636766 -3.069642472
-2.777430213 2.521564846
-2.468682468 -2.483756725
-2.823955668 1.428934372
-2.79787545 1.789010193
-2.635960401 -1.765327073
-2.66933356 -2.926071662
-3.171356857 1.904831661
-2.652151034 -2.297981293
-2.839667325 1.312552621
-2.857302575 1.937370693
-3.233152187 3.119514654
-2.676461361 -2.741624164
-2.614289163 -1.572323441
-2.63250476 -1.726513392
-2.986432133 0.964790866
-2.774621452 2.183726862
-2.776336508 2.143306183
-3.191082034 1.354740653
-2.802290168 1.478193907
-2.770516898 2.396554616
-2.867569151 1.5329733
-2.813092754 1.328996612
-2.586814509 -2.833724275
-3.055886314 2.171200198
-1.13800691 -10.031760896
-4.961469437 8.757663072
-2.579108359 -1.095944617
-2.843917255 2.092199671
-1.093818849 -4.926610773
-2.794510196 1.860435215
-3.792794447 3.960990426
-3.20186239 0.159211491
-2.784770765 1.85733238
-2.776546256 2.095553583
-2.215440479 -3.613790053
-2.670696565 -2.502403945
-2.614498538 -3.173986336
-2.783588688 1.822230331
-2.800900736 1.914144539
-2.445608444 -2.497623959
-2.477169718 -2.482419465
-2.532748832 -1.361775148
-2.790706616 1.605518141
-2.85689194 1.941490887
-2.828138157 2.344195697
-2.836468818 2.200041298
-2.845236458 2.074877552
-2.546115628 -2.588819321
-2.779412323 2.308087071
-2.573743119 -2.730892278
-2.741201058 2.955203197
-2.821737207 1.238408038
-2.606731805 -3.057031729
-0.353614906 -10.240611808
-2.930077426 1.572770959
-2.782141565 2.350553127
-2.82312362 2.445478618
-2.639228128 -1.661074964
-2.660772922 -2.19888948
-2.38683602 -1.916642258
-2.640564472 -2.097101946
-2.945864698 1.692167828
-2.661874687 -2.163711209
-2.816570012 1.721814611
-2.656647608 -2.101260216
-1.770408026 -6.217504886
-2.858497423 1.925583967
-2.789492477 1.983150094
-3.094257552 3.587575385
-2.77702052 2.116402707
-2.780309935 1.940833452
-2.571310404 -1.669674811
-2.671198797 -2.99660323
-2.665424935 -2.646273496
-2.831676687 1.15721634
-2.771212216 2.37174143
-2.768739685 2.502110259
-2.875523563 1.53401516
-3.035737615 1.593865939
-2.647837166 -1.816725818
-2.666316553 -2.676191767
-2.646349738 -2.188317654
-2.463243146 -1.735809707
-2.780106016 2.420282636
-2.631795355 -1.550305182
-2.645412781 -1.893205294
-4.027166734 7.821399534
-2.641821766 -2.115577001
-2.828303956 1.391377612
-2.175257365 -0.603604269
-2.63525039 -2.02625899
-4.720307643 7.788020655
-2.649190439 -1.955174255
-2.646180633 -1.784076057
-2.667155953 -2.33872319
-2.773317555 2.247434022
-3.191646825 1.963432035
-2.842428239 1.296959896
-2.797081873 1.44785109
-2.775415508 2.180755894
-2.565019292 -2.676499226
-1.997619183 -0.600762601
-2.561287623 -2.656168283
-2.530204376 -2.099826539
-2.777435166 2.100457057
-3.039384187 4.255116022
-2.947207304 1.184480238
-2.348375838 -2.664136071
-2.797956868 1.428372683
-2.793528354 2.04991041
-2.426798519 -2.518124684
-2.784499271 2.128836042
-2.632119033 -2.21025823
-2.787193082 1.790622615
-2.797597224 1.794620926
-2.876648462 1.534564374
-2.996417396 0.290842515
-2.98464916 1.244544668
-2.384576836 -2.586778795
-2.539086343 -1.364193006
-2.626136059 -2.161771308
-2.782597854 1.85664883
-2.11948244 -2.128626844
-2.621252084 -2.129499288
-2.789273421 1.989008439
-2.552028746 -2.61236515
-2.364933783 -0.664932234
-2.795009602 1.849327087
-2.771932984 2.318941471
-3.200810472 1.377388492
-2.627124574 -1.672953516
-2.825880698 1.649733989
-2.774627005 2.51354072
-2.5998912 -1.493056408
-3.295308611 8.917470851
-2.604479898 -1.774727887
-2.79369976 1.527833571
-2.867690695 1.201122467
-2.899459467 4.491396768
-0.747367094 -5.899676992
-3.151165501 0.17467356
211
2.986199568 -9.11834534
0.688269041 1.771841805
0.04865434 -2.416313913
2.041680287 5.551072798
0.159006298 0.592861584
0.256898873 1.721417711
0.109079054 0.645566366
-0.75256132 -5.11176345
0.153382955 -1.241864124
0.008910759 1.446839983
0.387252387 -3.114331215
-0.74075279 4.357335451
1.230104179 3.034597693
0.938980218 2.579332112
0.461123762 1.550993294
0.273682479 -1.815355886
-9.535751099 -17.608291011
0.548948862 1.678312375
0.165971705 1.339753588
0.051560423 1.804480209
0.298543362 -2.665239117
0.034290644 0.557225631
0.515842798 -0.87691293
-4.227312624 7.519466709
0.036704822 0.556191343
0.103608656 -0.539691772
0.104835296 0.539615564
-0.051954676 0.673112916
0.272394209 -0.663932472
0.628539185 -1.141044175
-0.326438574 0.934498208
0.166166504 0.546366207
-0.353990676 -0.973745351
0.426586072 0.837417174
-7.1948208 -12.636590245
-1.087105441 2.360324591
1.023668273 -1.824486376
0.190292708 0.554571347
-0.184910341 -0.748300143
0.120517202 -0.539373975
0.198089814 -0.557863048
-0.127197126 -0.68299113
0.548487572 -0.92202098
-0.090912781 -0.64643715
-0.057994785 -0.616918239
0.094299383 0.54054045
-2.806877344 -5.583270602
0.030350341 0.614874083
-0.101164883 0.722002063
0.420830364 0.754305338
0.368880028 0.764000134
4.777178798 -8.875861235
0.30203114 -0.628225094
3.762907218 -6.322288612
-0.021882958 0.589162136
-0.018278417 0.586683527
0.133868749 0.540239336
-1.256051983 -2.429266455
0.254528126 -0.649400437
0.419198899 -0.752338094
0.281069775 0.610449636
-0.073948201 0.630757122
0.260070911 0.594322645
0.4368857 0.773945574
-0.004380939 0.577655777
-0.830770996 1.720863819
0.539921371 -0.910062712
-0.343890735 -0.959270687
0.041432826 0.554251036
-0.0694292 0.626745163
-1.902535322 3.52662268
0.75212778 -1.224677435
0.087949901 0.541392481
0.997644465 -1.777807148
-0.000727566 0.575425244
0.444950777 0.783995863
-0.189975336 0.829829606
-0.252062743 -0.832902824
0.041975776 0.554035485
0.239547423 0.580320298
0.062722045 -0.546941072
-3.381052601 -6.062620547
0.131483169 -0.54001258
-0.037154058 0.600265989
-0.040933391 0.603160479
1.654375018 -2.983103407
0.818888781 1.329164543
-0.157422888 -0.716208428
-2.924964794 5.806384207
-0.018177625 0.586615018
0.179078793 -0.605418637
0.232721152 -0.576071041
-0.0511087 -0.611231849
-2.270608198 4.155955741
-0.245666517 -0.906967269
-2.453582554 -4.469474077
0.102139673 0.539793962
0.23550614 -0.577779381
0.015737145 -0.566136885
0.202200394 -0.61569315
0.170905292 -0.547737446
-6.626586321 -11.656201805
-0.554318733 1.276275196
-1.559249389 2.942128179
0.265275913 0.657971212
0.048641757 -0.606663404
0.126855169 0.539662109
-0.21582338 0.864878095
0.352769327 0.677357483
-0.121250607 -0.676738196
0.524052961 0.976950037
6.26251388 -10.629829301
0.198690099 0.558129134
-0.729961497 1.556489911
1.041745838 1.688178535
0.032006432 0.558231145
0.469341133 -0.815084454
-2.766572826 5.006492941
-0.103455392 -0.658628289
0.233293094 0.576419014
-0.360388896 -0.982964786
-0.183951807 0.747153491
0.049638548 -0.551154542
-0.011594428 0.582235618
-0.377794762 1.008231796
-0.359634712 -0.98187609
0.35278854 0.745115316
0.277927552 -0.607926014
-0.309486395 1.001819897
-0.235063824 0.891828542
0.602951219 1.099810479
-0.719266671 1.539177078
0.089622011 -0.541146679
2.347913358 3.893044197
-0.166866249 0.727043827
0.312919027 -0.701880854
0.435700667 -0.772478991
-0.52969891 -1.237868993
0.060295115 0.602420146
0.424636363 -0.758915507
0.057693562 -0.548454171
0.202946648 0.61607408
0.295268475 -0.622315682
-0.050651674 -0.610860766
2.143774611 -3.544226275
0.064230887 -0.601164468
0.097770143 0.594185077
0.174545135 0.548871229
0.390133587 0.718240815
-0.601772145 1.486096011
0.123884526 0.59344937
-2.168885642 3.981828553
0.163442021 -0.545631856
0.109209609 0.539411453
0.548607824 -0.922189434
-0.3019595 -0.900303233
0.127557455 0.539707688
0.033729603 0.613217203
0.013412069 0.56737136
-0.002413283 -0.576446935
-0.064046945 0.622060812
-0.065493491 0.623309627
-11.07323689 19.33074098
0.318320934 -0.707418562
-0.012164141 -0.582607145
0.009371959 0.569577386
0.069044203 0.545229054
0.553493988 -1.021952424
-18.926112889 32.889788442
0.727588669 -1.186774794
-0.361619733 -0.984742667
0.015859373 -0.566072702
-3.012868019 5.429570307
0.411457791 -0.817386228
0.017559775 -0.56518724
0.481775029 0.831307079
0.091879101 -0.540839162
0.705591975 -1.153064101
-0.156500876 0.715161634
0.121047861 0.539389585
0.174702005 0.603813825
0.472792134 -0.901519074
2.758814303 5.056580591
0.08561257 0.541761682
0.042848189 0.553692288
1.226070709 2.191672301
0.022324133 -0.619058512
0.449501358 0.789718535
-0.099572476 -0.65480186
-1.068439501 2.114563315
-0.219543019 -0.790939655
0.581411627 0.968711612
-0.213925752 -0.783871238
0.90886044 -1.472533346
0.470084426 0.89765216
0.037091578 0.556028375
0.567174607 -1.043223927
0.394221837 -0.722923405
-0.655996398 1.437344476
-0.036728203 0.599943415
-0.581495766 1.450859995
-0.291632652 -0.886086784
0.016383798 -0.622377951
-0.142251198 0.699245342
0.903690135 -1.61065095
0.377894137 0.704459042
-1.362194493 2.869152967
0.217012581 0.567103212
0.588755147 0.979272384
-0.476698235 -1.156166869
-0.352953834 -0.97225492
240
-1.877703683 4.752446141
-3.810135087 -8.439445343
-1.08186201 -1.578765153
-0.277564999 1.291079073
-0.105947254 -1.330489295
-0.063938954 1.917452846
-0.327758446 -3.115955923
-1.302369645 2.70394809
0.955072105 2.789080344
0.605109526 -2.930323507
-0.478980248 -3.0932529
-1.729864418 4.92029838
-9.64100346 -32.032760254
-0.958932022 -2.212428869
-1.807676812 -4.216148878
-10.434607837 -23.87561467
0.731358689 -2.454890687
-43.402622877 211.818479665
3.746482123 -13.113171745
-0.770517363 -3.042623593
-1.908393885 -1.714662007
0.404622835 -3.851876372
-1.788539042 -1.601090051
-1.772315901 -5.186211878
-0.217759131 2.545846747
0.39616078 5.02915703
-2.084269885 7.533880853
1.389552564 8.166404971
-0.212090055 -1.978890962
-1.241863666 -3.315420507
1.669110842 -3.665575632
-0.012519226 5.417549987
0.014887707 -5.056929284
-0.034096089 -4.496465966
-0.59839274 3.166515884
-1.397090619 1.502644589
10.743463037 -11.917525787
4.133747572 7.908770824
-0.849530291 1.033684431
-2.077882404 -1.903112871
1.51652753 -7.273748931
-1.837866421 -2.695846395
-0.586733896 -1.688929851
-5.941131847 -22.57347195
-1.36322768 1.430177632
0.62855821 -4.544116052
-5.075468064 12.6870146
0.351991275 4.424253068
-1.099187513 3.058126034
-0.160670796 -3.689296396
4.670346817 6.269197649
-1.002912607 -1.994689899
0.267712744 3.436420148
0.35403506 2.518422192
-2.389866534 -7.600006525
-0.440546129 2.66819786
-0.866774971 -3.103475863
0.675652806 1.6431013
1.807602252 -5.117755055
-1.038463523 -1.1295978
0.043642909 4.729385355
-1.70781127 -2.737953797
-1.715607642 6.302349551
0.597734533 4.057084551
2.723650767 6.186443977
-2.192917369 -3.058886319
-0.519080046 -1.930508607
6.163277556 7.886952518
-0.80390007 1.161867141
0.998801561 -4.976718744
-2.374557512 -6.107016252
0.285953748 -2.810263415
0.12732558 -5.028679455
-0.77312352 -0.978463138
-0.164827919 -4.072199621
0.10715775 -3.828687343
-1.412034643 -2.394669751
0.087168123 2.190645534
-1.395680352 -3.026590161
-0.03941126 5.322829496
-0.1371687 4.911688687
0.024058304 -2.822332761
-1.5841111 -2.256930029
0.098831372 4.867782868
-2.366543045 5.311455877
-2.275232666 -6.069806146
2.807087309 9.840495571
-0.841281602 -1.586527257
-0.274129225 2.183252799
0.33600777 -3.646142001
1.01383379 5.139434864
-1.242057435 -3.299953446
-2.283402193 -5.347762681
-16.830076436 -20.926362016
-0.135400289 -3.633834273
-0.117661776 -4.514528694
-0.17288919 -4.427097321
-2.268140235 6.336711258
-3.35392175 -3.816953103
-1.781750287 -3.356032579
-4.750637405 -12.740654117
-0.547860059 1.81422767
4.353058287 5.9946242
0.155764102 5.484778188
-0.871700014 -1.207014424
-0.569147133 -1.254881612
0.605866777 -2.526754684
-0.401852232 -4.84441975
-2.482269619 -3.797524285
-1.622852592 -3.035342501
-3.076374066 -6.487801756
-0.02984727 -3.939357008
0.716346243 2.919179647
-0.552448886 2.264311712
-1.332177011 1.633014499
0.874800931 6.273353847
2.635025271 -7.275034304
-1.444945604 4.236394387
-6.073117777 6.21723336
-1.761463332 4.363444669
-1.361009169 -3.317634564
0.840210346 2.786054315
4.646549818 -15.144909003
-0.802360625 -1.686695533
-0.849497917 1.06253927
1.361273236 -3.433050589
-0.962475863 0.942762452
-0.659352284 -1.989783961
-1.766592361 -4.450264156
-0.382847069 2.484810839
-1.431579754 -1.547116554
-0.213953788 1.906310099
3.400217572 13.218732809
62.176281537 -155.395349989
-3.396152394 5.263997323
-0.864565037 -0.919872397
-0.101472585 2.395843243
-0.924764426 3.24086283
-0.552825922 -1.511309014
-1.28299241 2.11862329
-1.481654408 -4.634022584
0.698621577 -1.652210865
-0.705614745 2.007357089
0.012977565 -4.446392946
-0.672182921 1.806890453
-2.35482371 5.789285278
-2.281744022 4.434391371
-1.041671093 -1.552444306
-0.207595538 -2.765045434
-2.571611307 -8.651478073
-2.305018434 -3.275992907
0.183859263 -1.615735411
2.459576298 8.914186609
-0.279688495 4.831336978
4.836086453 11.899629727
-0.380626197 -3.135735228
-0.787453597 2.596905438
0.00979669 3.32346435
-25.063820054 92.233847897
6.669126583 -7.595493481
-0.870850821 2.332133897
0.598236521 -3.78417088
-1.797674289 2.804936274
-5.220325938 13.160027976
-1.409681063 2.143173022
-1.340861468 2.586988386
0.173626661 -4.26422117
-0.539413766 3.457987646
-3.098782704 9.198564529
0.824918019 3.88251374
-1.048050118 1.089543758
0.162401648 -1.525587656
-0.202685514 -3.950203794
1.744720974 -4.934412227
-1.082462245 2.626767546
-0.986257187 0.938533404
-1.964156288 4.991851768
-1.625652507 -4.42692441
1.08668704 -3.858956251
-93.266502293 208.371551405
4.724048232 -11.437190018
0.13927937 -1.938529404
0.650403314 -3.980986024
-3.259406928 3.383841093
-1.356497701 -1.784720447
-6.71343628 6.734035816
-7.974439992 26.745143066
-1.287297511 -3.533936015
-1.993780409 -2.847360933
-0.645135756 -1.939119492
-0.43459363 -2.520429004
2.808783025 -4.418083257
-1.736868257 2.040801663
0.199406569 3.53508106
-0.277812742 -0.955412062
0.19873219 2.728711047
-1.992020375 -1.761126551
-1.366898912 -2.90963647
1.19589577 5.544420431
1.070909221 4.416727547
-0.388036213 -3.221202825
-0.776324891 0.977064803
-0.100036434 4.583201147
-5.664452915 11.734154407
-0.918756764 -3.169254364
0.239825902 -6.278648373
3.171430233 6.515133222
-0.52540845 -2.052258771
-1.238554639 -2.199266224
0.192216762 4.801560896
-0.884892566 2.560532436
-0.005452808 3.602450429
-1.455719642 -3.127576263
-3.209486331 10.240856935
2.76049209 8.043839365
-0.955219074 -1.05327843
-7.849218841 13.072802948
7.562642207 14.133907629
-2.803219173 2.351576511
-3.771237456 7.337383323
-0.027744639 2.576550139
-0.062030213 1.959573306
-0.707449635 0.943302453
-2.390583214 6.810047866
-1.078014799 -3.188131363
-1.797633255 5.051713187
-0.314925954 -1.932522119
-0.466886423 1.822904813
-2.009960699 2.392983201
-1.176319257 -0.999524368
-0.970337424 -2.140854104
-0.214977569 4.715894088
-0.024573743 2.778296838
-0.747595819 -1.56318894
-0.662303365 1.809755245
0.697108822 2.384798303
5.851199241 10.724559713
-2.368462831 -9.02272443
-0.142681579 -2.070068356
-1.856682064 2.712689613
235
-2.657220886 1.808171089
-4.615613429 -2.260908686
-4.971313064 1.43557706
3.54671678 -2.349900185
6.090998047 -0.436946999
-4.340139866 1.529839029
-2.486215197 1.658858886
-3.793989732 2.053089493
-5.602783209 1.241407012
-3.685098154 -2.082939329
-5.086467723 1.529573146
-2.291040092 -1.163265709
-4.009500296 -2.031074849
-2.559608351 -2.099101795
2.623382477 -2.333264921
-2.847113611 1.950412113
-3.455331408 -2.671520585
-2.617663314 -2.335310653
-3.904700499 2.752903939
-2.823774717 4.768859528
-3.764136949 -2.200250944
-2.530996589 1.877704703
-4.098241425 4.040558298
10.600946293 -5.877085486
-2.647578524 -3.585907027
-2.515836851 1.67298244
4.112828854 -2.456178856
-2.422672193 -1.272929189
-5.468086437 1.611877748
-4.752269468 1.491065981
7.041969441 -3.669897567
-1.997438099 -1.001925297
55.789971166 -3.857424929
-3.529172145 -2.323206954
0.331367266 -0.303069596
-2.59929897 -1.532785581
-0.296571338 -10.183226772
-2.327291328 1.635703717
-3.746659795 -2.22741039
-2.931220246 2.219775284
-1.832374566 2.783958949
-1.718329073 2.965865441
-2.133785363 -1.085636563
-1.862379031 1.830397948
2.646926437 -2.330671056
-2.613303231 -2.315947489
-10.655029712 -13.92579977
-6.558732468 1.119333803
-2.888295702 2.571506581
-4.520524505 -2.935543619
-2.224598399 -1.12480116
-2.764348253 1.84158483
13.521345324 -7.95096571
-3.910861845 -2.062643114
-2.659723794 -1.671184062
-3.957445609 2.594207558
2.633253641 -2.33215517
-3.649516963 2.507408618
-3.588167962 -2.667764404
-2.288962208 -1.397639973
-2.987401949 2.578025469
-3.958469229 -2.192777183
-4.040947985 2.385170565
-4.443920876 1.785648433
-1.521470928 8.710046355
-2.548620044 4.495102217
-3.98007366 -2.036803133
10.208766277 -5.612365112
-4.035695633 -2.028215729
-3.00390005 2.730948375
-2.581925339 -2.184649266
-2.931637833 2.221751525
8.088657629 -4.264963459
-3.957909179 -2.192257343
-4.36449188 2.871103826
-3.831189189 -2.120049299
-0.312982031 -1.337446941
-2.337769513 1.635056264
-3.59337156 -2.172224064
-10.788880884 1.15646878
2.152053638 -2.427063321
-2.315235926 -1.446633373
-4.200518613 2.086591272
-2.531248041 -1.998651599
1.979872189 -2.483775562
-0.226074895 -5.907789408
-4.051600057 -2.027421731
-2.83292501 2.275788722
-4.1360868 1.620501725
-0.892144813 -0.453338671
4.638893424 -2.603597359
10.295251532 -5.670394971
-8.730653637 10.794268761
3.096925004 -2.313617227
5.188035394 -2.797714089
-0.288220434 -0.354254127
-2.819369851 2.218719443
4.074954704 -2.447243104
-3.628522332 2.603150868
6.39099122 -3.332486057
2.696909167 -2.325763284
4.012788642 -2.433106936
-4.537249876 1.701241346
-1.940217513 1.782257056
6.858437147 -3.571922841
-22.569323142 60.198187941
-3.564252115 -2.781715891
-4.666236505 1.489020931
-3.660033775 -6.063013815
2.175833313 -2.420253365
-4.032535119 1.700466459
-3.55056179 -2.855784708
-3.632714014 -2.497687062
-3.642581237 -2.466092347
12.755707537 -7.392550267
-1.559776724 -1.037667591
-2.842471951 -2.418525691
-4.25542764 2.005745107
-4.230814795 2.040855784
-4.109728641 -2.029898816
-2.528243034 6.902586251
5.46317765 -2.908021867
-4.081587628 2.298348259
-3.791014355 -2.163880219
-1.690031825 -8.591047095
-2.734828027 1.824783666
-4.112249265 -2.359620481
-3.870309251 -2.087547594
-2.50334996 -1.907859447
-2.78236526 -2.094864201
8.351698669 -4.422969273
-0.055257882 7.838516365
-2.762347836 1.84014985
1.953198752 -2.177713904
-2.267739205 -2.833372988
-4.312180706 -2.625261509
-6.169544725 15.912043261
-3.469553895 -2.5829594
-3.730497343 -2.255274485
-15.94081711 1.440734268
10.779620781 -5.99898424
4.95494416 -0.379347386
-2.145843969 -1.174859506
-2.819850393 1.902326774
2.042667139 -2.461547103
-2.673104685 -1.706835467
-2.811015065 -2.236013266
19.024865572 -9.416978904
-2.2371845 1.650698422
6.041142158 -0.434296115
-3.606002685 -2.593779158
7.922283744 -4.166640391
-3.822022572 -2.093893916
-3.477175398 -2.540539399
15.539709815 -9.459955283
-2.363873443 -1.217543838
-3.480113472 -2.525039118
-3.683572282 2.371888107
-5.216197282 1.342378888
-17.161481425 1.517318808
2.665406897 6.247746458
1.911450471 -2.510110598
6.18276873 -0.441852218
-2.839329047 2.304570607
-1.915315838 1.797194283
-2.952633843 2.332583734
-11.826072395 4.059201276
-2.815941753 1.896547127
0.202689355 -1.512452201
5.355186379 -2.863775272
-3.342396094 7.969804114
-2.977836407 2.501271667
-2.494214837 -1.879700928
-2.624691339 1.764793863
-1.033288666 -0.487885569
-2.45985799 -1.780076932
-3.45956153 -2.643810758
-4.073488203 2.314977491
-3.437029013 -2.80669221
-3.463301004 -2.62030444
-2.180152695 1.66758205
-3.979693264 -2.213027825
-319.163936698 136.735697528
-2.681785712 -1.731086486
-2.589243334 1.72686381
-4.788074066 1.527806247
-2.634858525 1.822158348
-3.762977039 2.127835871
-2.191030033 -1.108696955
4.764545221 -2.64468467
-3.436367525 -2.812090112
-2.581321516 -1.497708749
13.782255195 -8.143200332
-1.51924403 2.08153418
-14.175971134 1.334329774
-3.614223657 -2.141614487
-4.634841479 -2.274066051
-2.886019822 2.556962636
-47.320797177 19.30849151
-4.041941551 1.691920024
-3.435331639 -2.820621416
28.759280216 34.167016324
-2.804863858 -2.20387965
-4.096197457 1.64785244
-3.477763904 -2.537397811
-3.99538231 1.737176942
-3.781760732 -2.078655719
-1.848080174 1.839681999
-4.322206785 -3.364906833
-1.920176977 -0.928609996
3.013093764 -2.312402626
2.125891323 -2.43483446
2.377674837 -2.371731535
-4.776485159 -3.343663631
-2.597658944 -1.529481432
3.091080885 -2.313471945
4.186211403 -2.474172736
4.991683998 -2.724091425
-3.552357409 -2.257010332
0.33395771 -1.559221283
-2.43549617 1.96094436
-2.439400051 1.643735063
-2.221146208 -1.123049176
-0.887878751 -0.452379026
2.920810476 -2.313286873
-3.733430261 -2.072362834
-0.42257869 -5.027818137
-2.868411117 2.452075844
10.006049121 -0.666917256
-3.80104881 2.037369173
2.381903838 -2.370885208
8.79863509 -4.69809211
-1.74032436 -1.027841336
-4.894645089 4.655022467
9.116530754 -4.898453456
230
0.250158502 7.382795257
-0.617813307 3.716583815
-0.246282587 1.252736244
-0.232314718 -3.392214695
-0.310271967 1.375697918
-1.994036641 -56.132193069
-0.219686767 1.630975365
-0.204756073 3.101143417
-0.434206227 -3.715624272
-0.838381796 7.588943321
-0.584523235 -2.120634177
-0.321855542 1.417554822
-0.236967523 -1.375686109
-0.272355423 2.482644053
0.472214823 -14.939749015
-0.288371318 -1.530177773
-1.640378335 -13.839373287
-0.251817595 -1.068924883
-0.318349911 -0.930666222
-0.209780665 1.789901673
-0.214067745 -2.426680193
-0.13365304 -3.919699242
-0.392573748 1.319706637
-0.323757882 -0.770573727
-0.306315441 -0.771279378
-0.220884429 1.012943779
-0.323640924 0.67240723
-0.323803662 0.663883049
-0.296898587 -0.695739048
-0.239882334 -0.899621078
-1.533399437 8.931328874
-0.221041885 0.930877072
-0.274081195 -0.755424552
-2.532778501 18.757636951
-0.344607931 0.977656082
-0.199359988 1.515080226
1.551193366 16.121126354
100.267069943 763.206002285
-0.402103759 -1.139829633
-0.329946214 0.82460814
-0.262511488 -0.890726553
-0.790147613 4.376210825
-0.290851811 -0.685151437
-0.394713383 -0.916148106
-0.253331123 -0.708825881
-0.097693677 1.583368427
-0.296240727 0.742884411
-0.35439349 -1.025291305
-0.490906215 -1.497967712
1.689154351 -18.058947667
-0.382129798 -1.115927263
-0.381587596 -1.223381007
-0.143592428 -1.234777737
-0.399132544 -1.354827741
-0.386699472 1.133391027
-0.25912141 -0.69187888
-0.256665772 -0.714156494
-0.346157291 1.116272258
-0.283841701 -0.852449731
-0.428533963 -1.115207162
-0.277184585 0.684992482
-0.521845096 1.816457979
-0.322675258 -0.698431295
-0.638293753 2.525361405
-0.457204748 1.526233754
-0.439251566 -1.364158845
-0.528899542 1.929403938
-0.215971813 0.885590111
-0.246246315 0.993374906
0.269878822 5.532716243
-0.295880137 0.650087191
-5.888314673 44.242747878
3.1148e-05 -2.620948139
-0.228873553 0.804536118
-0.575069164 2.411086387
-0.344440214 0.752332331
0.334565935 5.291793298
0.155953143 -4.431086844
8.156766616 68.146470235
-0.172067397 1.234105229
-0.472403987 -1.693938616
-0.399408277 -0.949915865
-0.317373917 0.655103246
-0.24800435 1.190422454
-0.270562041 0.82963661
-0.146333886 -1.308712054
-0.096350598 -1.71696729
-0.316576074 0.703861539
-0.464070456 -1.846798842
-0.317922622 -0.787892217
0.266683238 4.842965674
-0.834650341 4.059070402
-0.402952537 -1.148928482
-0.417518426 -1.134350163
-0.419345302 1.244086157
-0.219217659 0.8861062
-0.72285588 -4.535238965
-0.625119374 -2.376234565
-0.302635234 0.909944814
-0.309260214 0.678125863
-0.251927823 -0.945937931
-0.640689784 -2.777473362
-0.213723146 0.892061668
-0.387320035 0.908643216
-0.275530821 0.784548179
-0.340199974 0.817724916
-0.316873925 0.898727681
-0.330551655 -0.789715564
-0.316099548 -0.777442121
-0.387247611 -1.113405444
-0.199412349 1.048003222
-0.701153758 -3.160872139
-0.316728748 -0.856512809
-0.214355487 -1.016857232
-0.281291641 0.690604523
-0.321204341 0.786727275
-0.121599495 -1.450557799
-0.871567728 4.345762199
-0.3168842 -0.669147008
-0.258496692 1.053922877
1.02471697 9.430106468
-0.193511357 -1.059175169
-0.239628666 -1.187785085
0.101957114 3.137030247
-0.226570874 -0.885957749
-0.661498132 3.367083377
-0.326013994 0.792081462
-0.311425803 0.977641958
-0.360663332 -0.992634629
-0.30514477 0.826793243
-0.284808178 -0.696330597
-0.224217031 -1.439113274
-0.234260299 -0.773198046
-0.076252822 -2.018137636
-0.364894623 0.776553289
0.890981657 9.541417822
-0.282296832 0.709683644
-0.302526826 -0.773284213
-0.255453043 0.764184357
-0.332153021 1.245414188
-0.450710909 -1.475901501
-0.383844664 1.141730159
-0.277123911 0.878505676
-0.63002453 4.972422381
-0.470504093 1.421509611
-5.092232673 -38.370240683
-0.326545749 -0.776346127
-0.072469316 -1.766331247
-0.514053658 1.629966213
-0.343467153 -0.808203106
-0.323098023 0.828175144
-0.394688585 -1.439839916
-0.094332671 -1.605186427
0.050326626 2.709429558
-0.27462105 -0.925521776
-0.278781319 -0.688373932
-0.37189022 0.857620228
-0.084720202 -1.615298906
-0.363555875 -0.860830349
0.336358722 -5.871655577
-3.006749069 22.529120779
-0.241079993 0.939272531
-0.290499708 -0.703117403
-0.198410514 0.999356322
-0.256704669 -0.735846974
-0.141787006 -1.624953162
-0.421036541 1.130541144
-0.508754734 1.946385585
-0.086987417 -2.000535574
-2.969925314 18.890217362
-0.441582731 1.21946656
-0.330799182 0.764548124
-0.730511498 -4.215154114
-0.374051472 -0.830755153
0.033112165 -3.438466061
-0.386631263 0.882546178
-0.322935222 0.866710061
-0.199761653 1.609025086
-0.283292408 0.893695947
0.209336462 3.616135601
0.063699874 -2.549824376
-0.808081419 5.46703204
-0.283435374 0.72159391
-0.12803153 -1.8659591
-0.331056717 0.712817472
0.094363027 2.759575205
-1.128618992 -6.109854946
-0.912949278 -4.483215226
-0.352467069 -0.830459138
-0.089848407 1.780719404
-0.187041991 -1.231262472
-0.256326898 0.869077354
-0.288146961 -0.651583728
-0.288019574 0.674263418
-0.692923503 -3.710657781
-0.336256475 -0.833543812
-0.346194772 -1.088087367
-0.911810021 5.261251789
-0.45120991 -1.655900287
-0.190153111 1.013040288
-0.487329872 -2.146089488
-0.287835935 0.700146196
-0.221589093 0.906562066
-0.226837159 -1.114280333
-1.100334944 6.121751482
-0.435595885 1.18653044
-0.2820331 0.701724666
-0.132639658 -1.351074784
-0.23881801 0.792461146
-0.285001556 0.668811052
-0.369939278 -0.844740032
-0.411885714 1.050484344
-0.836403026 3.929978885
-0.259202751 0.721191051
-0.525222674 -1.726285351
-0.2050917 -1.28592942
1.569360736 -13.994391885
-2.867252125 17.708526312
-0.368807445 0.942048342
-0.247901784 0.749427286
-0.341964635 0.864867162
-0.292097603 -1.044726607
-0.292262814 -0.669438587
-0.490909507 -1.739724911
0.124326534 2.954613405
-0.386296692 -0.952450501
-0.302225333 0.669783987
-0.264512033 -0.718654711
-0.320480155 0.689922888
-0.298450909 -0.817465781
237
-1.590260262 4.729207457
-1.54125112 -2.500352903
-1.542437934 -2.276590413
-1.540008795 2.687845015
-0.812217805 -9.121207448
-1.523886436 -4.229280835
-1.416702506 3.368081146
-2.551047985 18.521422177
-2.417693557 -8.578267984
-1.521627223 3.248781044
-0.665853072 18.679568178
-1.712483578 3.076923119
-1.655697917 -4.490900613
-0.070832 26.352363339
-1.342305882 4.4433649
-1.288740933 2.25334551
-1.345156575 3.769396991
-1.158017071 -3.923114118
2.584256319 -79.716690043
-0.583696725 -8.753431652
-0.779430211 -9.790581922
-1.481270174 -3.666770014
-1.126120844 5.990899097
239.490842985 -1162.665269027
-0.723129951 5.669976808
-1.946715084 2.320292856
-1.93785283 2.851902185
-1.356352119 1.411651937
-1.690015778 1.423071439
-6.47248182 -26.658966372
-1.643941253 -1.215564894
-1.688901894 1.62571962
-1.519244851 -1.410607512
-0.304070422 -11.238576164
-1.360745949 -1.605090325
-0.519106509 -5.422015275
-1.475349432 1.282756203
-1.462984898 -1.291996734
-1.60166856 1.714057741
-1.164581476 -2.117161995
1.181071805 13.546607509
-1.558174494 -1.167623677
-1.511067496 -1.198871376
-0.574871786 4.900786499
-1.336979761 1.664386056
-0.868472206 4.32114588
12.859134801 -85.628508801
-2.242422981 4.390278575
-0.645396574 -5.468001674
-1.206713323 2.117129199
-1.396190295 -1.445393811
-1.417586833 1.417676615
-1.178229072 -2.237548625
-1.439387438 -1.467341841
1.725964299 -17.520357766
-1.749950173 -1.928663298
-1.54742379 -1.197260872
-1.662407877 -1.301977925
31.901097938 165.789022112
-2.857471095 9.577304849
-1.62186366 1.869375312
-1.056837008 2.547597227
-1.998737904 -2.974988987
-1.3571607 -1.670172138
-1.348103094 -1.688892531
0.00370021 7.787701969
-1.493392229 1.522921675
-1.275728814 1.919532778
-0.022014828 -7.418569303
1.527281997 18.86496235
-1.470001827 1.162776874
-1.320736506 -1.58986155
-1.945945383 2.942372183
-1.520987825 -1.234583966
-1.713971722 1.897587987
-1.450924114 1.627606419
6.341550754 39.48006379
-1.429366108 1.548354955
-1.509468779 -1.106137145
-1.514917965 1.073248085
-1.119245362 -2.798394661
-1.102030199 -2.510991151
-0.602433869 5.988980552
-1.904217364 2.174358426
-1.414981853 -1.548549412
-1.311535196 1.953524416
-1.549467308 1.172516247
3.593513853 -27.905179594
-2.218413691 -4.22204025
-1.582898408 1.290099205
-1.765409911 -1.777210857
-2.036553239 3.737798615
1.311642708 14.073046504
-2.255681153 -3.997843784
-1.513336049 1.341927997
-1.649638304 -1.263237382
-1.455410787 -1.338218021
-1.527235879 1.152305368
-1.644819655 1.379928266
-1.474158521 -1.194272392
-1.906113078 2.701606986
-1.398344002 -1.933827377
-0.257575519 6.28882129
-1.026077866 -3.194128629
-5.333382524 22.286417126
-1.211222611 -2.864396059
-1.488719898 1.705396176
-3.583734807 -17.019129293
5.428116847 -40.287955435
-1.846042067 -2.297600496
-1.835353081 2.82129339
-1.194078015 2.151800503
-9.894248909 -49.553460315
-1.494339419 1.509536853
-1.786420212 -1.685651064
-1.447319992 1.249494097
-1.46953888 1.749287532
-0.369821495 7.736287747
-2.128791486 5.158150267
-1.609853554 1.494088775
-1.608715479 -1.409308553
-1.601081904 -1.975521192
-1.796339564 1.78589476
-1.351743671 -1.546594011
-1.806190087 -1.864455261
-2.943374281 9.513874604
-0.983221157 3.197953979
0.011316473 -7.723104435
-1.675231866 1.501899804
-0.670048305 4.919877935
-1.451757821 1.179685174
-2.209616182 -3.907209681
-1.957708201 2.611557392
-1.464091586 -1.642426831
-5.451762138 20.504201637
1.379280137 19.117801508
-1.67138641 1.972989692
-1.735672981 1.667544677
-1.498884007 1.392708719
-1.561484106 1.404884409
-1.611010213 1.152265139
-1.53757869 -1.148474585
-1.261050772 1.840454788
-1.360224848 -1.482262018
-1.529174981 -1.172559635
-1.551195083 -1.206616137
-1.72745023 -1.50335378
-1.059384768 4.014726869
-1.748544479 1.610243278
-1.774128465 -1.749115907
-1.377255282 1.480440024
-1.498263611 1.138686147
-1.210574681 -1.897990486
-5.9430118 28.56874671
-1.221200506 -2.047360038
-0.5522501 5.94157136
-1.003931824 -4.586535496
-1.325593744 1.637424679
-1.287258727 2.367854854
2.543722363 -29.692708507
-4.270916789 15.140302143
-1.557152099 1.097553711
-1.607030695 1.550642224
-1.462523953 1.253008866
-1.470743624 -1.251505745
-1.510521078 1.421540396
-1.660213756 1.779072239
-1.683080682 1.563254344
-1.800281647 -1.985173211
-1.743070933 1.510062795
-1.971475606 3.566199348
-1.406279286 -1.372882111
-1.020557544 2.941007519
-1.712338626 1.421067181
-0.863938928 -4.301470122
-1.412200167 -1.251880771
-0.798842945 -4.000259301
-1.024236645 -3.772590055
-1.285883845 1.893770423
-2.44097473 -6.519590851
-1.074410571 -2.956175461
-1.590934588 1.375240908
-4.409497776 16.80340795
-1.606349292 1.459432007
-1.164564881 -2.095689536
-1.377257291 -1.628976652
-1.77356544 1.662766586
-2.68032376 8.655366026
-1.871005939 2.007647892
-1.756029159 -1.627915226
-1.469267233 -1.549057034
-0.737699484 5.874885731
-1.683764826 -1.377802903
-5.589496776 22.800388117
-1.514932451 1.194763514
-4.768365947 -18.677319772
-1.441124836 -1.613502847
-1.932831023 2.462080172
-1.131220559 -3.091499325
-1.670788281 -1.409664347
-1.315807875 -1.733922388
-0.826497966 -4.455735275
-1.054983225 -3.380938079
-2.114617099 -3.096539134
-1.20103535 -2.573396664
-1.589303714 -1.599454143
-1.362490987 1.64796519
-1.545951775 -1.246355784
-1.523164751 -1.190295627
-1.869593017 3.384915317
0.218117595 8.636668929
-1.156729513 2.891827844
2.092583832 23.802965204
-1.488344439 -1.135870094
-1.994716555 -2.608130602
-1.47114886 1.10881005
-1.824158477 1.993832946
-1.012318508 -2.894566748
-1.731670352 -1.455070212
-1.058245848 -3.622331543
4.68903782 -31.860138318
-1.165069207 -2.814158637
-1.617197997 -1.196903793
-1.492859321 1.091884786
-1.799324119 1.659182717
-1.769684832 1.64377711
-0.223986056 6.929391866
-5.06073147 19.018780247
-1.420685215 1.262439127
-1.551543182 1.159784299
-1.563907592 1.500063481
-0.981241635 -3.467268249
-2.175404118 -4.326120812
-1.946582306 -2.451116111
-1.743274079 -1.787234327
-1.210925203 2.046170737
-1.645898758 1.943615356
