10
238
-0.392347372 -4.407199272
-1.19394732 -1.756198863
2.266089213 12.150411122
-1.247773782 -2.213767203
-2.320341966 3.298437408
14.135432137 48.710291185
-2.953946244 7.097878079
3.079311627 -12.217432543
15.004850616 35.02292486
-12.572599249 52.367887851
-8.239890653 15.741322539
-0.699086038 -5.179026163
-4.389137128 11.901117988
0.341574626 -2.384116318
-0.036380728 2.637684355
0.488182168 -1.584382884
0.544430857 2.998691512
-12.954235367 47.332845642
4.712678256 -9.278265695
-0.332943323 2.268030125
-0.943121584 2.67737793
-5.489247858 -8.246378692
0.393379165 3.958295685
0.050305283 1.151943045
-0.976915185 -1.285062271
-3.756431322 -3.812041292
-3.234202664 3.282446308
-1.249043529 1.462334735
0.362674681 1.304985864
-1.339658797 1.529014902
-1.350016431 -1.690522252
-12.562565788 13.07942675
0.456406728 1.363450432
21.185010277 -25.227369254
6.416961805 7.986570188
-1.645950426 1.774824716
1.690785618 -2.643015142
3.966745928 4.696055507
-1.015726542 -1.438678538
-8.526212299 8.802338245
2.814780732 3.513438921
-15.549948462 -16.252415247
0.48555958 1.382600184
-3.417963414 3.467849174
-0.719519229 1.159880882
-3.079408328 3.439968598
-0.72561634 1.278479934
4.151880275 -4.888152841
1.426248046 -2.370314233
-0.375749568 1.190333306
-2.259920937 2.327839879
0.073772383 -1.276915127
0.457173575 1.500343401
-1.455866728 -1.618934471
6.442177215 8.015783819
0.547607912 1.424754646
1.066282961 2.01658852
1.041835817 -1.993524529
0.998290403 1.775280562
0.858396054 1.659554697
0.07788297 1.278680988
-1.74313766 -2.043802074
-1.071226242 1.342070661
2.98563864 3.687015102
0.213879137 1.22321955
-1.135520661 -1.522148233
-0.228530383 1.085504846
1.716809779 -2.427528359
-0.581612233 1.114980771
4.413397413 5.160159054
-0.644942076 1.133459394
-1.628510024 -1.760126686
-35.528280761 37.510139461
-0.745005439 -1.287011241
6.497574625 8.079973558
1.848823722 2.554195989
-1.278163202 -1.631745434
-0.557704978 1.108992051
-1.048680552 1.460771458
-1.041275233 -1.323406203
0.81575671 -1.625359684
-0.229228665 1.085435361
-1.295298465 -1.645561902
10.511834361 -12.750552316
0.727992788 -1.556783233
10.576401586 11.659881389
-8.616511922 9.787572276
-2.455182605 2.513889427
-1.549162216 1.694217255
-0.403118383 1.192393395
2.573616626 3.269992371
1.276351511 2.018301785
0.566458536 -1.581710037
-3.712200383 -3.766889152
-0.236250633 -1.084764714
3.695314249 4.856747765
-28.445393888 -29.970359207
-1.250706656 1.609881459
0.149752651 -1.192754527
-1.42501354 1.594618624
-1.686020554 1.808864292
1.31884216 2.262331703
0.687281791 -1.6784578
-4.342510104 4.414188775
-1.922903471 2.016819988
0.390187158 -1.321632942
5.336593355 -6.1250746
-0.464702639 1.091047827
0.047016775 1.265808834
-0.156568666 1.095352757
-0.140624884 -1.208071419
0.936148135 1.895567686
-0.9055142 1.245560086
-0.308532748 1.188934144
-0.058144167 1.228949439
0.235765511 -1.234310377
2.392240704 3.088331236
-0.486633495 -1.094498328
0.055565736 1.153894483
0.312268259 1.27566946
-1.143604353 1.389164393
-10.094965864 10.462525415
-2.839845044 3.17807702
1.977055151 2.678565896
-0.093356673 -1.108312139
0.281232702 1.384260805
-0.837320536 1.211091934
-2.334656765 2.63848703
0.905777348 1.698169565
-18816.962699292 -22044.93559788
-2.038545135 2.334020061
-0.993463728 -1.294683298
-0.34201361 -1.080890452
12.167817022 -13.348462628
2.568642561 3.264992855
-0.767000747 1.179184578
-0.068578247 1.114461068
-3.157603393 -3.205524651
-2.45565797 -2.514346556
32.744296443 -35.236405649
2.521130915 3.217286189
-1.941165635 2.236595671
-0.052020452 -1.230787967
-0.472162162 -1.09216664
-0.06539489 1.115293849
-1.578840475 1.890546489
2.011169963 2.711851162
0.615109298 -1.472612785
-0.834709407 -1.209839306
-0.42005368 1.085543325
0.12764507 1.301282528
2.690513951 3.38774878
-1.002854762 -1.300217679
-0.261130619 1.082800992
0.301415631 -1.269566024
1.169613137 1.923253446
-1.446830653 1.611781622
9.459956341 10.476498537
-3.078776778 3.126612993
-1.787807977 2.086594534
-1.124355505 1.376375771
-0.964391161 1.277894482
-3.286919248 -3.335513439
-0.870777308 1.227586538
-3.033312092 3.389342525
-0.15749594 -1.095192312
3.7665095 -4.488784225
3.150763796 3.855503285
-0.48688414 1.094540582
0.177030443 -1.325868245
-0.295003257 1.189282896
0.294274284 1.265591316
-0.906553449 -1.246110743
0.736865748 -1.563599088
-1.284143479 -1.487775195
-1.518651547 -1.669320095
-0.60129747 -1.232354601
34.247509288 40.520366877
-1.215702898 1.438652492
-2.401915371 -2.462787491
-0.560280072 -1.109610582
0.361417649 1.304235918
13.155381948 -14.397077516
9.423959879 -10.438365422
6.154298653 -6.984006918
-0.616774526 -1.124778705
-0.19576197 -1.089331728
16.907311735 -20.222709215
-25.678496175 -27.025572399
-6.039644879 6.80084601
-0.293313659 -1.081219345
-0.471380375 1.092046726
9.519669843 10.539759754
0.564527657 -1.580218761
5.723835228 6.531445155
-0.500224836 1.096880951
0.867386801 -1.83351664
2.399993376 -3.096067578
-0.040463078 1.234364004
0.048846514 -1.151406137
1.373566203 -2.106476805
-7.914777468 -8.156442187
0.126163886 -1.182343384
-0.70849246 -1.155668454
0.772092404 1.590924564
-4.722003321 4.807089668
8.127288297 9.065881638
1.022802183 -1.975668831
1.150001917 2.096613181
-1.561045392 1.874381691
-0.238918114 1.192975696
-0.762926901 1.177455581
0.548344768 -1.425266171
2.595557342 -3.621262135
8.886607002 -9.869305841
-3.281100482 3.329651022
0.512745607 1.540926506
-0.467236078 1.091421447
1.905036627 -2.608565834
-0.366285024 -1.189821161
-0.634250507 -1.243086394
-0.127034225 1.100914417
1.405823985 2.13603977
-3.86663164 3.924736805
-2.335281525 -2.399218632
-0.812411028 1.319286737
0.82727683 1.634544483
1.532348745 -2.253307669
0.201898666 -1.339024233
-0.988972754 1.292055639
0.896578189 -1.690623583
5.724187921 6.531815617
-0.067173161 1.226310196
-0.596580446 -1.119008936
0.301982089 1.269882719
-1.765531046 -2.065199146
-1.503768014 1.822997446
-0.279077013 1.081785347
201
-5.910962116 -8.832464784
-7.794867041 9.02109974
-3.635253619 13.354142341
-4.098954381 8.748581999
-22.171245846 -20.770085295
-7.878527081 -5.027449836
-8.9086503 12.188933183
-1.294002163 17.533803691
-1.102700244 12.19183058
-27.051970758 44.915552314
-6.628434479 -10.790059989
-4.955492863 -10.3797906
-9.754108769 9.993317654
-6.573025266 -7.164904187
-6.103485232 -6.593957063
-182.049969441 246.754525252
-4.801378782 -10.427951767
-9.913711853 5.547169265
32.306414967 31.715420876
-0.399813977 15.624712404
-8.848177868 4.104802541
-9.12964348 -4.633083797
266.330709615 -170.403461752
2.804656085 5.900516667
7.695462423 9.479393371
6.964654224 8.195746866
2.371542078 5.677327735
1.986341245 5.482532726
-10.789284883 -4.925656069
-1.106072153 -4.104498247
-3.604205429 3.417866854
2.17431946 -6.134845329
-7.036942238 -3.551443211
14.30898391 12.554231996
-0.673585504 -4.27093825
5.343681579 -8.003606216
-2.837566022 3.926775763
-8.5253573 3.988084633
-70.40132165 41.217226113
-10.615551241 4.84536401
9.213548349 -10.45546973
-4.351480748 3.330633336
-4.443741312 -3.324301505
1.144949228 5.071167113
-29.252049584 15.598710352
-23.236278527 11.933825905
0.243120098 -5.122197902
-2.856714644 -3.921817564
0.417298089 -4.734174913
-7.835494028 4.139530238
-17.478792533 -9.371000675
-16.068756144 7.710760368
-73.333598372 -43.052906739
-7.762234872 3.741481856
63.395674573 43.062616437
-14.488570307 7.51042594
-33.494216821 -20.031914607
-8.163648645 3.865757962
-1.362204002 -4.412478879
-9.235256352 4.253277431
-1.615971615 -4.315711868
-9.230061481 4.251227112
-8.010592711 -3.816886405
3.577089747 6.938882036
-4.030630524 3.696381025
-6.386098333 3.42377901
-5.253555573 -3.643173763
-17.912732106 8.770853431
-2.598555154 -3.628940212
-9.013543185 4.167145727
-114.955776583 -69.142067628
-11.566934659 -5.297687997
-46.091834761 -26.02980325
3.896977517 -6.47998331
1.955181576 -6.01363382
10.342968901 11.190167903
-2.842357838 3.56866492
6.363910406 -8.637265349
-6.164126482 -3.390421768
-6.440891522 3.432834391
-6.360961787 -3.419732646
-7.155121957 -3.57914534
-48.672614676 -27.638072168
5.32856731 -7.267552968
-3.888700788 -3.377243443
-5.645454957 -3.333964145
-5.387458133 3.649197968
-7.647221493 -3.708265425
1.962966829 6.017916664
-4.1317257 -3.349705243
-6.599047767 3.460758408
-19.549905648 10.703845323
102.27116342 -67.428996646
-9.220308169 4.247381756
-13.625088322 -6.994590074
3.748616355 -6.400043722
-5.741550773 3.342101323
-9.391119438 4.315487603
-2.962991775 -3.895000784
-80.071810809 -47.27287641
-12.578869008 -5.807658473
0.029461173 -4.563092661
0.438064838 4.743514188
21.219939536 18.457724066
4.271773489 6.683455883
-5.560823766 -3.327687662
3.15134105 6.082030727
-11.796840201 -5.952340767
0.538994984 -4.789151082
-0.795748007 -4.222819585
2.847444646 -6.515066294
18.812455315 -15.300496093
-6.320237212 3.413321748
-3.231297582 3.484295041
-1.676582169 -3.903032731
-8.742164052 4.47230022
1.014621213 -5.009411856
-370.859295819 -229.784980356
-6.332922481 3.415299431
-0.907707416 -4.179469946
-4.229793347 3.340503392
-8.340165942 -3.924288663
-3.458435068 -3.786299237
-14.516532947 -7.527329704
852.539050047 -538.499393914
-16.876937569 8.17211126
-3.717564696 -3.400613668
-7.958399262 3.800632851
22.556997742 17.603680025
2.507780559 -5.747079907
-8.862569199 4.110161452
1.530474099 5.257059015
-3.403601619 -3.796965175
-2.099181607 -3.768842225
-9.986057696 5.020908247
-13.086189304 -6.072240575
-0.256257737 4.44138642
-1.559201125 3.942665415
33.119621767 24.15068289
-4.415188901 -3.326154514
-19.664711515 -9.798600941
-0.332796954 4.40945279
-13.546406021 -6.316570606
-3.160492988 3.498536349
-0.863439862 4.196522665
-2.91232723 -3.552396219
-8.393286772 3.942342807
-6.223782785 -3.398857218
-11.052073895 5.049159292
5.525603137 -8.115738167
-4.335349998 3.665026883
-6.37586637 -3.422123707
-13.813972167 -6.460317507
-4.301097018 3.33451108
-11.463132121 5.246925481
-9.746992444 4.462326971
-6.499695143 -3.442908625
9.688191199 -9.784954312
2.434842795 5.709683351
-5.553063857 -3.659869466
-19.610313879 -9.766452762
40.348926952 -31.519840527
-2.256899972 3.722371183
-22.788636273 -12.830393596
15.864268656 13.498845152
19.295322049 15.59668781
-9.758972266 4.467380578
-13.675995758 -7.024647566
34.56622882 -25.050850292
5.933871952 -7.607986227
-1.175214506 -4.078936226
1.10479959 5.052081567
326.18311993 207.982834303
5.491204565 -7.358641145
-13.021739684 -6.642173
-29.928162399 16.013884478
-1.623346737 3.920885134
-7.370166696 -3.632902053
-4.541140769 -3.650571715
-7.100213486 3.922720016
-4.799878667 3.640201551
-5.147657794 3.309151978
-0.411803268 -4.376799082
-20.657902833 -10.387819648
12.07679426 11.20810101
-5.011067038 3.307480778
-3.028850574 3.878986976
-15.823937518 8.329388199
-7.004813374 -3.544143222
-9.634953186 4.415404455
-11.887025958 -6.001767312
370.222127327 -235.634669575
-11.727349831 -5.376747475
-4.409566896 -3.32653064
-7.77874354 -4.120973719
8.245043261 8.937299256
5.955506524 7.620223307
2.516971185 6.326980812
-16.675248627 8.056457226
-3.504652518 3.43416438
1.475155578 5.230102983
223
-0.526226938 0.808955717
-0.235968169 -0.685372307
1.843061927 -6.161324192
-0.696226908 2.306140144
-0.406902494 -0.893463013
-0.559057104 1.369494438
-1.792363927 4.562759641
-0.700634284 -1.076964381
-0.431695982 -0.540165313
-0.207608814 -0.551623549
-0.709979424 -1.796446619
-0.943177677 -1.752407676
-0.391169369 -0.77174796
-0.651326827 -0.977207275
-0.402353813 0.661958038
-0.340080075 -0.630110284
-0.442859054 -0.701818724
-0.204960858 0.891486668
-0.549636808 -1.042011361
0.46748373 2.730947967
-0.333550862 0.892626784
-0.555566025 -1.008711863
-0.660878852 0.458931933
-0.304100175 -1.482253547
-0.408802018 -0.913007685
-0.62251225 -1.870384374
3.492602298 -6.333628847
-0.613375251 -0.930634028
-0.543427997 1.552875299
-0.37556106 0.603726562
-1.115848188 -2.741333957
-3.178943801 7.126066667
-0.686473562 -1.78641563
-0.027084862 -0.255892558
-0.430488988 -1.267628544
-0.397202231 -0.811116446
-0.512749645 1.074687837
-0.222392186 0.868600846
-0.261617219 -0.848553132
-0.3691064 1.060998422
-0.628008987 -1.85320815
-0.404794306 -0.35866566
-0.422116416 -1.094691733
-0.509202404 1.189418729
-0.410351571 0.700554201
0.188560751 -0.637150591
-0.421179746 -0.44684714
-2.893223333 -7.969970883
-0.54496268 -1.075137991
390.691765023 -771.170158483
0.331719175 -0.528346289
-0.425692165 -0.482048616
-0.351098363 -0.255576086
-0.557747263 1.38131466
-0.939340871 -2.250093798
-0.374172432 1.100316425
-0.366554569 0.599343725
-0.433468462 -0.560419418
-0.622464114 0.463397537
-0.351931934 -0.643111943
-0.643206108 -2.900535293
-0.352757032 0.964087503
0.321677684 -0.769009348
-0.350744791 -0.255331623
-0.45330192 -0.978576078
-0.368484651 -0.677305757
-0.697051075 1.172600381
-0.148663367 -0.869937709
0.162138164 -0.338912898
-0.653429938 -1.802805655
-0.474707762 3.123590051
-0.425402542 -0.479595388
-0.835385542 -1.998137403
-0.633960115 -1.837449431
-0.382173595 -0.725703352
-0.414151574 -0.402720443
-2.504854917 5.849782037
-2.409213862 5.671840712
0.138559842 -0.318883219
-0.391649831 -0.774607075
-0.437059002 0.998543104
-0.332774226 -1.617832395
-0.443462811 -0.71348409
-0.508301971 1.223477486
-1.819616903 4.609627423
-0.168651964 2.345141104
-0.121275541 1.123812528
-0.826061138 -1.978028949
-0.379672828 1.149300941
-2.703054379 -7.357548749
-0.067754 2.940511319
-0.670079785 -1.789152249
-0.528711586 -1.264162131
-1.126763686 -2.773151428
-0.521274435 0.884726213
-0.307399762 -0.62644961
-0.459040498 -1.246052406
-0.26555513 0.830935254
-0.059742705 2.63901685
-0.346934041 0.605337655
1.865241789 -6.221976591
-0.279140155 -0.250109665
-0.244853194 -0.691501055
-0.425605978 0.825552244
-0.442050024 1.112354143
-0.533006304 0.730332412
-0.347556253 0.940945002
-0.20655485 -0.75534249
-0.544811031 0.637035801
-0.547812686 1.490709221
-0.72473414 -1.697257835
-0.663836297 -1.792828773
-0.382514697 1.17752641
-0.526233666 0.808864889
0.142999155 -0.322501117
-0.557767643 1.381126711
-0.558559374 -0.994954769
-0.738805604 -1.825205345
-0.526445161 -3.853649592
-0.414626991 -0.981752277
-0.813853215 -1.952555874
-0.251574191 -0.778968093
-0.219378263 -0.602140511
-0.407621741 -0.370533932
-0.51742072 0.959003563
-0.205518756 0.890015002
-0.234137259 1.525404003
-1.840860016 4.646353727
-0.61863539 -1.884181064
-0.402371478 -0.349341694
-0.169882329 -0.427287267
-0.493947594 3.739473211
-0.353445999 0.967397418
-0.252761397 -0.786784081
-0.401238625 -0.842169545
-0.277023395 0.716307501
-0.370393734 -0.682780304
-0.41279724 -0.958603421
-0.379187133 0.607159317
0.022564252 -1.268684218
-1.454966712 -3.353674707
-0.531273633 0.748218795
-0.145879039 -0.371471277
-0.926950993 -1.703561244
-0.233842688 -0.673839662
-0.089659694 1.125408821
-0.346922908 -1.420958822
-0.624554868 -1.86368847
-0.690930887 0.466834998
-0.297903453 0.673996584
-0.341296388 0.917031296
-0.24704936 -0.750123546
-0.196214496 -1.360845559
-0.210122653 -1.432384994
-0.448252693 -0.821996823
-0.223741055 -0.622579914
-0.344853156 0.930121139
-0.645566387 0.458211774
-0.441363609 -0.674529391
-0.36086416 1.007053955
-1.001096298 -1.928562719
-0.432228042 0.913600351
-0.525947932 0.812747973
-1.447909306 2.983127772
-0.132356108 -0.342165368
-0.379559687 0.607573203
-0.439932167 -0.650366375
-0.094564053 -0.295138968
-0.416761312 -1.010775913
0.91150523 4.123895874
0.324229894 -2.045343227
-0.446020597 -0.767584332
-0.598603659 -0.925785617
-0.409325335 -0.918622162
-1.474773284 4.044792644
-0.739445791 -1.826007616
-0.515991791 0.990954722
-0.63903541 -1.826096647
-0.15507736 -0.391064648
-0.375864516 1.114642724
0.886915107 -1.401047827
-0.13508321 -3.609385408
-0.234089351 -0.675164153
-0.674208463 -1.787569937
0.066500809 -0.271838495
-0.398979022 -0.824276024
-0.397456942 -0.812955924
-0.125537917 -0.335078705
-0.438628498 -0.629861301
-0.336905946 0.902545884
-0.611069673 -0.929235311
-0.367598468 1.050254851
-0.477038077 1.95065007
-0.185539907 -0.472729851
0.722649844 -1.121307558
-0.401716498 0.659440063
-5.591119361 11.812978172
-0.412643199 -0.956723213
-0.558573605 -0.99489369
-0.673654399 -1.787745024
-1.973370226 4.878813856
-0.591330684 1.194112089
-0.197682576 -0.771727021
-0.386268939 -2.406552886
1.693589557 -2.872977065
-0.406222236 -0.364519729
-0.519848693 0.9103859
-0.199494055 0.905976496
-0.077789324 -0.279991151
-0.539740846 -1.121253826
0.365810164 -2.155307233
-0.429755443 -1.249928367
-0.437595942 1.009359529
-0.231891206 -0.663487315
-0.560737326 -0.986053276
37.264602541 -72.952297056
0.129862092 7.593137693
-0.405964374 0.67768649
-0.525842397 -1.315799847
0.077302606 -0.27732351
-0.829944821 1.413883378
4.344310274 -85.009714293
-0.453705387 -0.993651994
241
-3.176388912 -9.394116286
-0.204114563 -8.81310091
-0.787949742 -3.638010874
-3.561365681 23.453078899
-1.339276807 -6.62022329
-0.44555818 -9.167435973
-1.033624926 4.092442425
-0.843453637 -5.839807793
-1.286716941 -1.851884905
-1.352760342 1.9124298
-2.07715745 -6.591449562
-0.802845065 7.99071746
-3.064154296 22.214611749
-13.013392123 -138.278819778
-1.584721038 5.590906073
-1.041376711 3.310647226
-1.372837476 -7.975392531
12.035150626 177.027302148
-0.514880276 -7.667234847
-1.452695194 4.963678947
-8.313930831 81.74462012
-7.840848116 26.980815584
-1.278957437 2.338623961
-1.154328099 3.490649422
-0.776796313 -9.099280831
-0.485504959 3.41560689
-3.959480289 -13.533811809
-0.333966125 14.43224394
-1.951816748 2.791242867
-0.326148414 -6.753049207
-1.108638386 5.457950829
-0.961742798 2.606803775
-1.128695709 7.787214092
-1.827212398 3.130899552
-1.064630941 3.034485416
-1.048213875 4.597358119
-1.11542605 -2.013549961
-0.932427523 5.210771656
-0.598002768 8.228112875
-1.989216424 6.11230021
-0.439625816 -4.161511129
-1.091809067 2.579236558
-1.102159527 5.788660024
7.894677567 39.036991783
-0.203419083 5.61145812
-1.167900538 -2.207972858
-2.043436313 9.115848287
-1.357896701 -3.021492347
-1.332393195 -4.84318756
-3.708068892 9.812705654
-1.129607134 -5.392766217
-1.252031146 5.192760171
-17.455492602 -242.207159822
-0.581688102 3.609851038
-0.75692712 3.535603154
7.890555306 -144.236042609
-2.848881681 12.339099054
-1.646150888 -3.673610878
-0.911539322 -5.170219682
-0.392952735 8.013226932
1.081016025 -25.860620312
-1.144818285 3.781195012
-2.725336115 -12.791244225
-1.949203235 -6.613903287
-1.414665433 -2.41592594
-0.974059977 -3.16079726
-1.355682145 3.22254687
-1.838268721 -4.722575534
-1.289923837 -6.977783888
-1.369212751 5.847681855
-0.895707397 3.509192997
-1.347910479 -1.839585426
-0.998348666 -8.638490624
-2.399504854 -3.922149772
-1.022250744 4.596061999
-50.513198408 -489.076923373
-0.723115851 -9.091981018
0.953834175 -39.403772733
-0.82112504 7.979911743
-0.050614668 -22.055812089
-1.293804921 -5.714132674
-1.387837547 -8.000537357
-1.099036006 -4.501615445
-1.38297699 -6.111668337
-1.566870135 5.02686904
-3.596983689 10.650471671
-0.223214594 11.64834728
4.187686469 41.44204912
-8.178360548 -85.947647115
0.256056682 -18.071933727
-1.567335844 -5.3471551
-1.303614435 5.542563601
-1.699047972 -3.23244429
-0.801007437 -6.732190958
-1.616657863 -2.738990864
-0.928813453 -3.024412217
-1.030268773 4.215076496
-2.156710671 -6.295761949
-1.676105928 -5.440839022
-0.673399333 10.696143325
-2.18138421 5.442856041
-1.801984587 4.082214134
-3.295576235 -23.264835891
-0.48394677 -3.427245699
-1.473931178 -3.777965714
-1.315006484 -5.722907471
-2.606455327 11.512494498
-0.638358467 -3.518661056
-21.796872368 279.281229916
-0.368899622 -4.766264953
-1.743711668 2.89210797
-1.653730713 -2.989378359
-9.951293865 -76.810716243
-3.073517446 -11.030737032
-0.641768587 4.268673549
1.398359254 21.12996918
-1.033105631 4.347826715
-2.110259448 10.123899667
4.491364283 31.359967497
-0.817277018 -12.775407835
-0.425686208 -6.849952326
-0.236368262 -6.282126932
-0.557082302 -3.562628856
0.730256778 -6.988196941
-1.704209026 6.160559663
-2.613817329 -9.602958583
0.809116472 8.247593798
0.480687227 11.490412566
-5.240000487 -24.283496077
-2.058489748 -3.68714733
-1.617458285 -5.281843323
-6.73788493 48.877121092
-0.996912832 6.352225733
-1.517593835 5.401434684
-2.081775878 -3.096074546
6.195085688 -87.329833512
-1.13291799 4.79890403
0.670949702 8.602144003
-0.576220479 6.12980808
-2.011556491 -3.336255377
4.052952478 -42.247219975
-3.03543724 -12.443503454
-1.47573669 3.568382707
-1.878975282 8.515224987
2.53121805 -39.085865219
-6.154581954 -66.797873341
-1.023511766 -5.094873301
-1.43630313 -5.006818296
-0.505055524 -5.846541395
-4.941290925 35.4355174
-4.598773099 31.218021047
-1.106259845 -2.000615641
-0.842966923 -5.099284074
35.878862395 -469.018640354
-1.102049937 -5.026993532
-3.839497777 -23.257062029
-1.29909282 7.516421902
-44.427407422 -329.592466149
-0.696033075 -8.870127398
-2.865795481 -6.340480594
-3.698803301 36.623188203
-1.218144383 -2.945504085
-1.458709956 2.368736048
-1.226837182 -7.901270633
0.844981279 14.589714363
0.115933659 12.521682042
2.225131422 -44.638202602
-1.947831063 9.709790078
0.952654861 28.02489189
-1.33323074 5.128556687
-1.299475351 8.130736037
-1.424885907 8.05613346
-0.90274553 3.239288185
-0.424582086 -6.844276426
-1.434692358 6.480692427
-3.988554107 30.054048924
-1.183989942 2.27417602
-0.018353498 -11.975307593
-1.367350593 -3.64252616
-1.161560528 4.38305488
-12.117088072 105.645276277
-1.730501526 -3.064958073
-1.328634715 -2.043438336
-1.559301767 -5.900433381
-1.45046423 2.016386791
-1.759667765 3.766100351
-0.832104497 2.93763504
-1.228259763 -2.746968949
0.510971753 20.290168587
-1.378253933 -8.185788711
2.37815904 -42.236970619
-2.181785014 16.764090322
-1.288526791 -7.342818943
4.786103903 21.215719937
-2.770765629 11.214237899
-1.818040477 -8.092045327
-2.832677141 13.472473809
-0.964323895 3.935861383
-3.039672129 13.923582507
-1.642483585 -6.188213864
-1.757292441 6.707099253
-1.330800752 7.588284786
23.731116581 -287.237504548
-1.466221579 -4.543371231
1.94287921 -35.791804776
-1.482373022 6.477793181
-1.351014336 -4.112903473
-3.708638997 18.921515822
-0.419900052 -8.090710529
-2.292582659 -11.113826015
-0.935663204 5.545266932
-0.981170348 2.894731989
-1.940809642 -3.419418418
-6.923682537 69.184590752
-0.908007764 -5.263112219
-1.321680833 -2.226636414
-1.512185631 3.094712249
-1.663255493 -9.481140718
-1.787999229 -5.195400039
-109.467210841 -1698.743836352
-1.493380473 5.466782342
-1.445392112 6.284523757
-1.768006576 3.183689199
-1.167208177 5.180945238
-0.947266333 6.430636094
-1.042469943 -5.072251594
-1.432519119 4.914921474
-1.3452551 2.997951436
-1.304738066 -2.320378763
23.836301413 -209.406091321
-1.429183678 -8.121492053
-2.371245178 3.871907455
-7.972197417 -53.644655332
-1.098809098 3.327929721
-2.749574876 17.111373299
-1.303154548 -3.364639688
0.018208288 6.689066101
-0.302492702 -10.645380439
-1.146520361 2.292578753
-2.182807871 -4.546387499
10.360650076 86.937429996
200
0.500203809 0.26732968
0.479611228 0.222706308
0.542789004 -1.79183703
0.539536575 -2.576890163
0.50472976 0.515375955
0.507738802 0.469858144
0.524414707 -1.136428469
0.503664405 0.397395407
0.547021797 -1.743442388
0.511896066 0.832536399
0.524634507 -1.118588829
0.512288929 0.969464882
0.531921401 -1.024199172
0.524087003 -1.165975948
0.541531194 -2.588758446
0.488317543 1.099547804
0.4355818 0.538358805
0.543776972 -2.615296205
0.508735953 0.65586708
0.526016272 -1.079671262
0.529841746 -0.884462138
0.502038884 0.618368894
0.527507543 -0.981078308
0.499227542 0.257563642
0.535017227 -0.782335984
0.605078519 -2.088756589
0.490516591 1.059563874
0.469158436 3.188605069
0.488924172 0.256574371
0.524655789 -1.209634586
0.540606529 -1.831643498
0.593207601 -1.967177028
0.526584627 -1.010551308
0.523124067 -1.440167554
0.533746801 -0.940878534
0.500756595 0.522990957
0.51141384 1.002352705
0.504512326 1.220624752
0.531150534 -0.935283215
0.479094806 0.223018659
0.479633646 1.317158057
0.49610575 0.91344677
0.523510633 -1.370006855
0.52753532 -1.211277723
0.51297764 1.138304724
0.511823863 0.879125832
0.418638324 0.907768019
0.50702342 0.534546591
0.496260996 0.573773017
0.525077219 -1.438150276
0.47696847 0.226016032
0.505316703 1.281919551
0.267148721 9.852668942
0.533549999 -0.988050068
0.541950343 -0.918522514
0.50671431 0.517382789
0.47457766 1.471488251
0.526003182 -1.335152844
0.512143809 1.161122185
0.513830854 1.244550917
0.543383715 -2.609791656
0.526572 -1.283518683
0.469141972 0.255644988
0.559062755 -1.721130245
0.46250006 1.571979154
0.671920121 -2.866600446
0.431328783 3.073659842
0.511819232 1.085308327
0.525601453 -4.571346196
0.548383956 -1.733911218
0.525788263 -1.356767291
0.583219396 -0.978958205
0.541224193 -1.819100847
0.499298315 0.479738572
0.467894498 1.693870119
0.37260462 1.168870002
0.501963578 0.613743555
0.497917398 0.302180728
0.506955 0.430681098
0.696255703 -8.425347833
0.50593012 0.955800016
0.494931316 1.010195394
0.527895258 -0.962277852
0.497334606 1.008379369
0.523067242 -1.286987587
0.52290912 -1.310807623
0.503557829 0.512096513
0.525429745 -1.395767687
0.551645527 -1.231466323
0.505786965 1.323762234
0.409164157 3.96328424
0.513006383 1.146495363
0.511803021 1.081755622
0.525742306 -1.102002841
0.646066995 -1.869757259
0.485426641 0.243410115
0.508270211 0.500880454
0.559716625 -3.01254536
0.525963825 -1.08381993
2.566108513 -27.339933614
0.484350161 0.792077744
0.499701565 1.032721412
0.644464623 -6.284756591
0.49178043 0.230558312
0.513012015 1.14811257
0.513269466 1.082509245
0.504880179 0.841366684
0.508802625 0.536335744
0.524417773 -1.136169238
0.539603751 -0.925110737
0.500390389 1.046222213
0.510745947 0.719215947
0.380484819 5.136014134
0.568597916 -1.76328559
1.037303968 -6.364853284
0.496535068 0.385858401
0.506423905 1.017939085
0.24546776 2.851418303
0.502265668 0.632630665
0.507957489 0.482142686
0.489853846 1.070733784
0.505174636 1.270197196
0.509713445 0.609685805
0.512502016 1.016637174
0.524363865 -1.245010828
0.503452517 1.156399959
0.497121118 0.296157127
0.524284222 -1.25524078
0.558201861 -1.719210145
0.566890781 -1.047481657
0.540490501 -1.834123381
0.507566185 0.555441181
0.511535817 0.788354817
0.537682438 -0.93638896
0.500434009 0.269948754
0.452316785 0.377741981
0.449918769 1.593326961
0.496415161 0.382550929
0.498366706 0.250559652
0.511179659 0.959479091
0.526615189 -1.00940152
0.479716138 0.222664145
0.523243789 -1.41735741
0.495813922 1.006976666
0.50587379 0.524983559
0.339390615 10.863124763
1.928324863 -60.289225426
0.552614689 -1.717805406
0.461441384 0.470529997
0.506138223 0.981267866
0.492877203 0.230825398
0.549956452 -2.737153748
0.512013613 0.848443298
0.553466408 -0.950336338
0.538098151 -1.89531044
0.524696823 -1.489060199
0.504688017 0.429479797
0.512457649 0.916337628
0.526160703 -1.027921447
0.482272962 1.470570415
0.492780068 1.028172017
0.550296087 -1.203198746
0.642004957 -6.183995506
0.522713722 -1.342621405
0.511138973 1.119402835
0.496307399 1.006405811
0.54744951 -0.923913424
0.503066506 0.381520405
0.502494493 0.647544495
0.431314417 3.074228936
0.493775886 1.018217306
-0.239544899 31.169320943
0.505966238 0.480409887
0.499883517 0.504814647
0.605385747 -4.703520136
0.526549487 -1.011889652
0.465773908 3.089700695
0.524736501 -1.110801162
0.513442177 1.12728481
0.540396065 -1.836171751
0.532869141 -0.812258235
0.528765848 -0.955019978
0.500047411 0.325102164
0.503764546 0.741076796
0.532237441 -0.823872781
0.534979978 -0.949890783
0.530041618 -0.940616139
0.504518796 0.423700873
0.509502611 0.628092516
0.484415628 0.790709147
0.506425286 0.502373203
0.504502137 0.344167877
0.470235193 1.10676746
0.48212404 0.310707369
0.507925297 0.480293555
0.504597102 1.226529308
0.538350832 -0.931760306
0.416822233 3.653669601
0.505181634 0.872005715
0.482025394 1.249983814
240
0.893982369 33.450553266
0.887952214 35.846150643
0.820530283 -0.794087981
0.827688813 -4.079241564
0.774118719 -19.130827251
0.816312617 -4.164352064
0.778561019 -16.890407036
0.825732774 -2.404457921
0.828461132 -4.377353755
0.815167763 -1.346809818
0.858123588 15.024667843
0.826322698 -3.06364628
0.816735115 -3.895087192
0.81412544 -1.833875883
0.786067533 -12.080454261
0.822891857 -2.912545563
0.768773102 -21.858619142
0.827689033 -3.662744846
0.477526809 -140.840651862
0.799185446 -7.060360311
0.871612601 28.811575341
0.905598402 38.221229382
0.815341111 -4.426526539
0.802911054 -5.9145493
0.80084467 -9.55785113
0.801912924 -5.887744828
0.801470016 -6.406051789
0.808924708 -6.402631978
0.882948814 32.776263158
0.808602842 -22.152257418
0.804893072 -4.669036099
0.828970415 -5.003629932
0.819527792 -0.782098817
0.774157781 -19.111013263
0.830694322 -5.025044819
0.816861955 -3.862391422
0.779114214 -16.613392885
1.21525825 171.422257729
1.1366371 152.882098351
0.796551692 -8.147716995
0.824772342 -2.062307581
0.809369884 -3.007443241
0.826135756 -2.893705262
0.097876022 -307.849593254
0.736355173 -38.830765707
0.829556803 -3.611663161
0.821940249 -1.636244827
0.817150247 -0.987641929
0.765701541 -20.142455792
0.85799139 19.969542541
0.820491101 -1.643223831
0.826812823 -3.60560204
0.824663012 -1.358949102
0.960461926 69.420871982
0.807401422 -4.458131762
0.825992926 -3.126842651
0.85168594 14.403723703
0.822955474 -2.968272451
0.782466736 -14.945459279
0.891134325 35.932205613
0.81670198 -3.903687297
0.877493155 18.945859574
0.754404193 -24.731307588
0.826395559 -3.43542588
0.805981299 -7.509388568
0.813299655 -1.799196738
0.818230849 -0.858612118
0.861709577 15.609840921
0.810053598 -5.99566796
0.911118367 43.915652711
0.82592636 -2.714996763
0.821337908 -1.624896496
0.821708002 -1.629267675
0.826337187 -1.736520224
0.71877768 -39.435534312
0.823507097 -1.783111151
0.723202768 -153.380233365
0.8773967 18.923473817
0.820436601 -0.789974952
0.823542362 -1.358689804
0.827714628 -2.28787488
0.854994268 19.175568716
0.827377543 -3.528373702
0.804284667 -8.063826863
0.826805789 -2.965848525
0.812789621 -5.061284767
0.534834736 -116.673800771
0.882473767 33.42900716
0.881526853 28.444259964
0.80925559 -6.282221713
0.877831972 26.995409481
0.583034388 -121.554744598
0.975146542 67.453970345
0.825073045 -2.099800651
0.824193942 -2.958722643
0.821387681 -1.625019697
0.821451833 -1.625387824
0.791477 -13.527591459
0.827962997 -3.797460831
0.816890546 -3.855071567
0.821887968 -3.058377846
0.883131045 29.079661384
0.828045963 -2.466221958
0.827333315 -2.107010879
0.869723296 17.202487259
0.81756846 -0.931402779
0.975191506 76.360800053
0.906053748 25.968228476
0.823158046 -1.230305183
0.823490287 -1.340105012
0.822777472 -3.695876552
0.796507903 -11.367021232
0.865577876 16.341983604
0.817271511 -3.759340189
1.013239765 86.339165709
0.751517916 -29.323513909
0.825462413 -2.359392154
0.792964882 -9.88305119
0.820487252 -1.643390199
0.823404532 -2.914666732
0.813496588 -2.759253613
0.812684114 -1.96789259
0.794490288 -9.175177411
0.801704815 -9.012407247
0.830252671 -5.816442518
0.829677446 -6.03002742
3.240954799 645.467068997
0.829452955 -3.511058268
0.805800027 -4.313916969
0.74160708 -29.982717758
0.818717779 -1.787602917
0.826446709 -3.227669161
0.825975016 -2.755461563
0.86773245 16.781304568
0.807518675 -6.913587693
0.817512812 -0.938444686
0.821648635 -2.978972146
0.827334127 -4.179884338
0.82920809 -4.655041756
0.810351623 -2.46323269
0.758978819 -14.654352458
0.816409736 -1.52175518
0.826137923 -1.677364474
0.777589761 -9.943348238
0.82190368 -3.056657999
0.830504293 -4.742014451
0.829329947 -5.569801212
0.828490916 -4.688340594
0.762951237 -21.254344447
0.849187827 14.455664771
0.80626064 -4.815636722
0.852111622 14.417409769
0.739328286 -37.254511404
0.824729948 -2.050068482
0.822525892 -2.997709211
0.825667213 -3.207784887
0.8253859 -1.491008995
0.815234501 -1.67435027
0.821321362 -7.758479853
0.780408752 -9.243318994
0.829294075 -5.465293851
0.813871147 -2.670402207
0.828994762 -5.182337922
0.824773411 -2.062619041
0.900044661 39.456074226
0.863625717 21.750829667
0.811569227 -5.558257728
0.775299788 -20.73663922
0.815041857 -4.363202998
0.828018522 -4.306359583
0.830580709 -6.302496117
0.713261928 -41.730224868
0.818832672 -8.930215923
0.824628603 -1.353664843
0.824884285 -1.395009889
0.827252507 -4.075962867
0.826753123 -3.495443837
0.822214108 -1.648928183
0.825825263 -3.250392341
0.830998696 -5.528272033
0.829799902 -6.2081651
0.806378024 -7.356839407
0.804158343 -4.962493875
0.828111937 -4.37633642
1.234918368 178.110649652
0.817996851 -3.748295855
0.827949487 -2.412108964
0.824182032 -1.619944743
0.82916228 -3.2493158
0.814494952 -2.527721661
0.967105637 67.032734571
0.758691203 -28.35076905
0.821530267 -3.10040757
0.830944899 -5.434490803
0.830402407 -6.029654013
0.824650003 -1.356941319
0.823591635 -1.376629249
0.868863063 23.600686239
0.931321139 79.344925028
0.825334415 -3.02393278
0.821758545 -1.153357567
0.826521674 -2.795506139
0.829561332 -5.869059515
0.864823211 26.138688778
0.820156161 -1.190509695
0.815032982 -1.376116774
0.825988443 -3.298175621
0.369358123 -191.93350199
0.830073748 -5.579178192
0.829349267 -5.593744469
0.907289563 26.282346975
0.826928332 -11.384894224
0.806406786 -7.30340838
0.937624966 58.701804264
0.826897807 -4.648180673
0.784107294 -15.887497462
0.816960988 -3.837116114
0.812285228 -2.081784563
0.853208706 18.784460666
0.804533386 -8.073831655
0.866047783 22.589366564
0.829753704 -12.315869661
0.825136858 -3.089211018
0.827802308 -3.716475605
0.829215227 -4.661366442
0.82466235 -3.011803597
0.830459854 -6.115231004
0.829210181 -3.290534232
0.81875875 -1.782886121
0.855998062 14.740949861
0.820939009 -0.819914174
0.83092861 -5.406522752
1.701920256 377.508887549
0.818140259 -0.867324496
-11.312775316 -5182.008721538
0.822712712 -1.685319463
0.825962287 -2.506811956
0.826589605 -1.818066364
0.820703647 -0.803449444
0.831112626 -5.734292281
222
11.564907392 -7.266715622
2.841953563 2.469721238
3.743063582 -3.197399217
4.786683944 -7.121851455
3.558439109 -3.749579933
2.532196224 2.497166215
2.083481449 -1.313034804
-1.924917212 6.638767421
1.246574959 1.885929158
1.997695511 1.356693709
1.802312168 2.629851909
7.504785764 -10.98953708
2.57555733 1.132060413
1.537869829 1.791983396
1.679007466 -0.306588087
2.782848893 1.954857239
2.375834304 -0.755475745
2.074387004 -1.56354729
1.340357293 -0.131395048
-1.38941815 3.098208667
5.165509618 -7.515594898
2.52823333 -1.035733268
1.278667476 -0.136337766
11.348711739 -42.161993812
3.589571874 3.86403971
-1.782944378 -4.573648421
2.546709112 2.577723867
2.785633024 1.974606625
2.515940102 2.412994957
5.433223148 3.228168359
3.792050249 3.296090189
-1.016959474 -3.131973928
1.095615695 -3.442952401
3.6989884 -3.289663087
10.45432098 -15.951259374
0.054322522 -1.338512621
2.557952054 1.085950283
1.128419693 -0.18275282
2.024084753 -0.514019639
10.441260905 6.228947118
1.806870365 -0.497589215
2.669820158 -1.528070667
2.537859288 2.527970189
3.595027336 -3.269884543
1.502104585 -0.166468764
2.167775051 -2.387793756
2.140036515 -1.589325765
2.795450176 2.047287291
3.797680553 -3.105355366
3.625214422 -3.492291605
3.641991753 -3.439885539
7.241405837 -4.310328364
5.074295231 3.076984503
2.467893898 -0.903415729
6.207301718 -8.943026195
2.129891296 1.503272153
2.63086059 1.260136295
3.638372393 -3.450839281
3.918711275 3.12164203
2.618768861 -1.312284387
2.854675109 2.613636781
5.668638199 -3.340994189
2.842032385 2.470569123
1.128283263 -0.182814756
4.217706193 2.946291947
1.364874627 -0.132019995
2.489154055 2.286999107
2.389601588 1.930161676
1.060293192 2.094893914
2.752600904 1.909176946
0.085960647 -1.291930833
3.574046016 -3.338122572
0.286305024 1.770250141
1.39417173 1.017097427
2.160700999 1.528876052
2.526197363 1.027940031
2.074666151 -1.275344481
1.452794229 -0.147637285
2.456862118 2.153724578
3.829334844 3.235162755
10.805419762 -16.553381342
0.894609758 -0.332497257
2.281919247 1.686623632
2.515153189 2.409074523
1.427954865 1.70757297
4.947963625 -2.98416295
2.254089519 1.377049155
0.604504962 1.535698774
2.358389526 1.846955778
-0.1300909 1.504402595
-9.022059486 -6.935973847
2.391363371 0.865539316
2.729080179 1.635493695
-47.493764196 86.333249489
2.822662868 2.514829189
4.622744393 -2.872408609
2.386789928 1.922183764
4.126825261 -2.740433554
3.938910595 -2.948246792
1.873722584 -0.636369487
2.763878913 1.989199285
2.803954235 2.1143347
3.56100322 -3.737999585
1.330419201 1.053647712
1.862296646 -0.610480598
3.707478619 -3.00906286
4.216190663 -2.745455113
2.574881254 -1.164232386
2.550563335 -1.093978819
2.636090238 1.275404901
2.283497561 1.689387391
3.590679028 -3.614580436
1.846589729 -0.576397386
11.086968509 -24.897285614
3.615918455 -3.209182679
1.198766322 -3.331853769
1.571122457 -0.206602422
2.324800597 1.76953937
0.334630668 5.621621072
1.451718836 1.459902596
1.069662406 -0.21241082
2.033498652 -1.111660842
0.278381375 -1.020109252
2.461629445 2.172225279
2.82314198 2.281323651
1.669533899 -1.814933069
2.058969918 -1.210595232
3.854233234 3.199315116
2.603883676 1.187753023
2.628122167 -1.347933271
1.848399499 -0.580237416
-4.383874004 -9.873846646
3.739410413 -3.204378585
4.186777642 -2.742471198
2.711656978 1.552720825
2.314353289 -0.683319588
2.11540075 0.766615171
1.767366881 1.25484695
1.480597948 -4.822982328
2.689682711 1.547657559
2.73004221 1.764438046
1.587974941 0.915407876
1.470653569 -0.153567983
4.659978989 2.952953002
3.978636345 -2.919318846
2.628622193 -1.349884023
1.284784054 -0.135449445
2.695310036 -1.658335911
2.321293161 0.717474642
2.067902729 -1.247079133
-0.732611157 -1.626264726
2.710898642 -1.747062481
-42.65058887 77.821681036
3.632918276 3.695894987
1.342216631 4.867238779
2.691637933 -1.638487124
4.221027645 -2.832235848
2.763646809 -2.111769541
2.858196972 2.656149578
4.805802162 -7.138790797
0.659665735 -0.554107908
2.34788113 1.821457747
4.333008906 -2.827052822
10.335692612 -15.748152044
3.622265659 -3.501945839
3.918946201 3.121394541
4.436720946 -2.835141577
2.760586745 1.809317368
17.180572319 -27.619288335
-0.373575237 -2.011124412
4.045837073 -2.747881376
3.625539897 3.72213631
2.826377487 2.311853675
0.702847108 -0.842563781
4.541721069 -2.853111442
2.808135473 2.364959463
-4.285319897 -9.666642073
3.649920274 3.638722122
1.976743286 -0.503860646
13.060967786 -20.447308966
0.644962904 -0.569884004
2.38574481 1.91924357
1.456717134 -0.548222322
2.510270521 2.385055431
3.643376243 3.660202321
2.751676548 1.756662332
1.461139804 -0.150286009
2.524020334 1.024314693
2.09913799 1.482522444
2.467664093 0.943267816
4.235909111 2.942080944
2.558616448 -1.116413455
-1.645806746 2.485604893
3.766824907 -2.921485498
2.600222546 -1.246061634
1.136728571 0.801010742
-0.198141596 -1.726586015
2.589995297 1.154292315
2.725067161 1.734996783
3.490207324 -3.708194466
2.013716948 -1.039776892
0.713530438 -0.49808628
2.694809834 1.480324902
2.755261975 1.777495045
2.473091169 2.218329205
1.486321564 3.217754653
-0.221159276 3.89092743
4.058677994 -2.875735166
1.947085713 -3.131341628
4.608080551 2.94334184
-0.637144971 -2.457315277
4.276547713 -2.827610044
-1.181948652 -3.434504404
2.253055554 1.639642175
2.196271124 0.634058826
0.727135244 2.514688437
2.795067079 2.242421281
1.448857028 -0.146461428
2.848109564 2.537545739
3.888676951 3.155311169
1.760825887 1.109767113
2.554340281 1.076942886
216
-2.167951982 -7.319391848
0.618474189 1.134677316
-0.231091639 -8.633596172
0.539926826 -0.987127817
2.36526246 8.090424225
0.748658374 3.288945538
-0.30677224 6.405978416
-5.213202196 29.548278257
0.291793656 3.528576191
0.666444474 3.765045644
1.686776775 5.952406737
1.404442898 2.481207182
0.731908772 -3.379481025
0.32250355 1.483704399
0.543361944 2.397348837
2.23955351 11.602529395
1.535878802 -3.620913
-8.378416052 -33.461024258
-0.471484609 -11.201783681
0.19873658 3.014893005
1.267968846 -1.898492959
0.689926201 1.94388727
-0.365979114 8.470314251
0.245214379 2.311526036
1.790320538 9.084705416
0.438468186 1.369914862
-0.818471539 -10.476218852
0.969982315 -4.614617349
1.664194184 7.837956331
0.864481047 -3.649802695
0.220653282 -3.76968505
0.972808638 -1.518417075
0.559439993 -1.104032598
0.781289918 1.598347027
8.224666899 -34.553510465
-0.010898817 2.366517876
0.365971654 0.973255955
0.190799288 2.124510326
0.812919088 -2.320725273
1.039840031 -2.791002368
0.438821083 -0.941857011
0.64973926 1.836155242
8.11791462 -23.352493406
0.562556571 1.116838222
0.26451783 1.115157768
0.589205624 -2.076966666
-12.634112549 68.597387022
0.437249911 1.447244881
0.992459002 -3.3540384
1.234565902 6.25512921
-0.021285294 -6.689269448
3.488801317 14.849002554
0.7957596 3.373075185
0.821354483 3.828539507
1.029053172 5.980504215
0.719890487 -4.420527121
1.124724317 -2.220700205
0.413623413 -1.573205722
0.804434245 1.19103659
1.014634052 -2.880853508
-0.099303597 7.799114896
0.75752058 -1.419840969
0.019821708 -3.475834659
0.379163206 -2.338312169
0.339282221 -1.166692619
0.879028453 1.197484413
-0.207544212 6.054944413
0.514473663 1.508481784
1.044441003 -1.507515187
-0.595993153 -4.460203211
-0.022680614 -2.3812069
1.14209564 -3.1322938
-0.401846943 -10.069694905
0.79435339 1.071014176
-0.489551305 4.47455704
-3.045634758 -14.732091089
-0.075433066 5.484928913
0.655224912 -2.197296595
0.16068695 3.463227605
0.650592745 -1.235656421
-0.701893334 -14.933527707
0.892740262 -4.106477465
0.490651824 -2.097931739
-0.20841455 -5.730837509
1.003461657 -3.55937845
0.974436286 1.850101359
0.911295506 2.422447508
0.420320594 -1.191471444
-0.126974437 -7.780477143
2.118983312 -10.528487109
3.545779504 11.381086539
0.256323917 -2.609539903
3.290408938 -10.323102058
0.152644347 5.55661438
4.741551594 -41.90263924
-0.016304012 1.573963585
0.476539275 -1.758089295
1.418010055 -5.146099496
1.057292881 -1.786603116
0.513840304 -3.121451869
0.564286552 -1.828345925
-0.157035108 -8.046663608
0.223292664 2.877503463
0.883725791 -2.321937932
0.57709119 -2.314985538
2.461101125 -10.323759318
0.666974178 -2.519428913
0.702172349 1.189720433
1.247287064 3.99369775
4.134205192 -8.69759931
1.11453773 4.467996446
0.497566572 4.625605656
0.827757379 -2.784684574
-0.297789255 -2.536137989
0.49218815 0.949076733
0.746749495 2.559815049
0.498271154 -0.839532677
0.552370527 -1.649161651
-23.337719368 -65.226988196
-40.608889342 -263.318919706
0.647745137 -2.462189129
0.682379353 2.311702617
1.029177479 -1.722705258
-0.791089233 -3.848094145
0.762416323 -1.114472018
-3.045511147 -12.895655696
0.356356705 1.20528654
2.604373266 -5.820489778
1.523720486 2.88175001
53.582956198 170.11152115
0.806160857 -4.218575756
0.835012618 -3.378471734
1.560183056 -2.752239392
0.257769117 -1.876485228
2.270076268 -12.759789068
1.197353186 2.194403599
-0.341072716 -2.939860631
-2.33430503 21.036332056
-2.126866661 17.199288619
1.773278894 9.225451114
0.566588653 1.985307121
0.602584931 -1.689564578
0.83108728 1.32621656
-2.842986112 -22.210950006
0.322454729 -1.592909847
0.734079776 2.302653689
0.789241485 -2.024125248
0.573094554 2.706903009
-1.245024594 17.317863043
0.366271394 -1.096542806
3.107108293 -8.228661534
0.106312096 3.128854523
0.895486627 -2.197601439
0.021001958 -2.903671386
0.997567903 -1.366278902
-0.35661392 -2.377170529
-2.154839533 -14.97726343
0.730586067 1.622307304
-1.627872303 -7.304411581
0.664098748 -2.562438899
0.308242892 2.518462824
0.394513406 1.10472857
0.548091009 1.108216367
3.407855079 -31.295088855
0.843219158 3.795641832
0.803483088 -2.82869013
0.376231622 -4.731664325
-82.762274378 -377.851349855
0.548080384 2.822547254
0.590894126 2.229391206
0.215445458 2.131419289
0.680681866 -2.102963351
-0.413224886 -9.520074705
0.518555442 -3.284853053
0.289059107 -3.439819457
0.141855905 3.410993385
-0.425958147 10.549586989
6.834046604 27.019476256
0.944385914 1.424250599
0.675987964 -1.348557869
-0.067514838 2.7160201
-1.264151626 13.241026124
0.060027879 4.231085831
0.71427377 -4.086769211
0.787864235 1.590183037
-111.246694839 772.026715451
3.239310407 13.777307401
0.035608922 -4.538647813
1.250255068 -4.745032122
-1.070192633 15.341620903
0.505954871 -1.954161887
-0.102721781 -4.074619729
-0.197101862 6.898781549
0.191660715 2.436258389
0.62694197 -1.222783408
0.192945773 1.876457459
0.703253351 -2.532691135
1.103455374 1.958571006
0.816819164 -1.005265427
0.523347721 -1.934413161
3.054665491 -18.935753179
0.664913606 1.777348107
0.146959424 -4.031463754
0.110564508 -3.546670547
0.585799204 -3.232841397
1.649115654 7.824528252
0.667264085 -0.878420395
0.869351742 -2.318358784
0.281117343 -3.118952921
1.158267607 5.895442335
0.246525931 -3.922370753
0.085521014 3.550801068
0.864312451 -3.023721608
1.351776304 2.011466696
0.77550215 2.879471386
0.106930708 -2.680790467
213
-0.304085264 -0.570828629
1.975233228 2.171077746
0.124866814 0.716564449
0.140344893 -1.236460395
-1.544662564 1.673882195
0.175578959 0.905675265
-1.136642711 2.603592158
-1.3504363 6.304188926
-1.149918889 1.716264024
0.011963645 -0.944099162
-0.760680537 -3.580492016
0.082033687 -0.932771852
-6.09556461 20.751783282
0.037403086 1.309880062
1.037322741 -1.898027132
-0.800560897 2.825829134
-1.223623184 5.762705886
0.166949474 1.744260753
-0.114268644 0.53512839
-0.089916524 -0.432429694
-1.843546456 3.570415535
0.038584193 0.552686996
0.081745285 0.388801594
-0.251483075 0.509376694
-0.072389818 -0.360586964
1.365608493 1.830978864
0.240882238 -0.530877488
-6.96131705 8.281980897
2.941562703 3.082698093
3.398212384 3.698929113
-0.197410355 0.65791913
0.519316272 -0.842975319
0.995727129 1.458575668
-1.436352016 1.526343035
-0.087876306 -0.457155776
-0.613143817 0.723947981
0.011007029 0.359476646
-0.188754163 0.450692152
-0.086850426 -0.612525806
0.715962589 0.946804505
3.318139122 -3.411816884
-0.091915803 0.423899659
1.909794707 -2.767094647
-0.877888412 0.95423119
0.106598319 0.475572331
0.291092021 -0.620100999
0.310272937 0.628467407
1.447979521 -1.901491824
-0.308653329 0.665955712
-0.158255357 0.459691503
2.847944424 3.193301093
0.823859213 -1.077811413
-0.052043871 -0.358883793
0.220088216 0.434576671
-0.628590104 0.966978445
-0.14037024 0.513903738
0.217367136 -0.573952038
-0.860987243 -1.074638362
-0.071493442 0.50846534
-0.418713342 -0.678987704
-0.459568317 -0.757461284
0.272577397 0.536590127
-1.120689786 -1.260116229
-0.384629315 0.551120104
-0.50390603 0.647706472
-0.151232217 0.43867558
0.383700902 1.188623774
-0.212826143 0.70650063
2.170102154 -2.937249305
-0.006100636 -0.38507442
-1.041857311 1.310216198
0.328005214 -0.575531289
2.824754952 3.826266393
-0.063014705 -0.389227611
0.048333465 -0.36750004
-0.261578476 0.550459729
0.537772549 -0.844450673
0.17805361 0.40838998
-2.211148023 2.935802582
0.087290249 -0.498181019
-0.064298221 0.478904816
1.01822815 1.086069809
0.326672359 -0.53239219
0.452964115 0.648930712
-0.765990388 -0.874358075
-0.497136616 -0.83891779
-5.445186786 -5.728225972
1.995528646 2.370611141
-0.092180823 -0.425669969
-0.064930909 0.357664799
5.553944731 -5.794443292
-0.638959548 -0.810686756
0.252503981 -0.615758607
-0.024439056 -0.371211443
0.02322178 0.358909513
-0.103068554 0.389318051
-0.494787694 -0.674664939
0.212844703 -0.452876506
-1.707446497 -2.204190094
-0.010840263 0.372168654
0.655865011 0.996350604
-1.413174056 -1.631802735
0.774188375 -1.334428858
0.571173496 -0.79712573
0.438300624 -0.6484953
2.109422703 2.820827052
-0.491817374 -0.748826555
0.356082438 0.603827131
-0.079088255 -0.356192343
0.276263907 0.452381156
0.050708377 0.388773221
0.534580965 -0.648125319
-0.371252885 -0.623875063
0.472927947 0.842544222
0.413685858 0.610496343
0.6178247 -0.778903748
-0.711623967 -0.960284125
-1.049737966 1.382192687
0.250049479 -0.513490531
-8.582163256 -9.204765386
-0.259343273 -0.682754241
-0.254605743 -0.507488898
0.272549755 -0.472125461
0.085426805 -0.379021468
-19.812489862 -24.348903674
-1.420869876 -1.556315483
-0.504271968 0.707173285
0.047214096 -0.366435287
35.822913822 -37.212632882
0.472313871 -0.604436827
-3.250448585 4.853674643
-174.853213158 -176.430391347
7.844100272 -7.958162048
0.284348102 -0.471800931
0.623256309 -0.993788497
-1.149222493 1.214106629
-0.352190882 -0.498380586
-4.888116585 -5.209718221
0.088734687 0.608619791
0.262399383 -0.625473894
-0.079058661 -0.395459811
0.127065005 -0.437376207
0.335741483 0.527911686
2.779311439 4.341168301
-0.768042983 1.351649069
0.197640223 -0.405527171
0.292549522 -0.470297357
-0.479839633 -1.031600598
0.387479332 0.537309605
0.245466893 0.446470637
-5.333224923 5.731561683
-0.049142876 0.410323782
-0.582572643 -0.769818993
0.262964486 -0.43974517
-0.229342366 0.468398761
-1.126041827 1.460382668
-0.31554963 -0.592471461
-0.568356568 -0.834003747
0.301260248 -0.499097732
-2.243273409 2.344757655
0.196732905 0.507962841
0.261227021 0.509828523
0.183624373 -0.399734613
0.22948124 0.550626032
-0.068355066 0.376614182
-0.142710868 -0.37624094
-1.656392973 -1.884850385
0.103041343 0.462161102
-0.170198023 -0.421373332
-0.551886129 0.673794623
-0.114003677 0.4682654
0.455275233 0.62032597
-0.064766045 -0.367375022
2.246273607 2.285190713
0.794590915 0.989382973
-1.327856054 1.520430633
-0.806195334 1.063810766
-0.071024335 0.623921492
-0.049312723 0.350419871
0.27875211 -0.444524151
0.31617364 -0.525556824
0.291399842 0.568911988
0.10956338 -0.370425472
1.713698948 -2.261302043
0.129470183 0.390271182
0.243649956 -0.494504629
-0.706354156 -1.057083807
-16.449666991 -18.881909414
0.066205963 0.364942201
0.188749147 -0.396624046
-63.801484739 88.544711791
-1.185732035 -1.287972605
-2.374294752 -3.101315471
9.634263371 -10.294389948
0.525607481 -0.844042465
1.849894591 -1.931024718
-0.604600182 0.903249168
-0.805544365 -1.071720774
-0.586110669 0.826634814
-0.457139311 0.622387955
-0.094716889 0.46010114
0.003748939 0.355130056
1.865048316 -1.960439114
-0.011544432 -0.505808909
-0.339062255 -0.841560853
-0.138054993 -0.398747867
0.533120715 -0.66956831
-0.02405079 0.399642567
-0.359704297 -0.504918163
-2.003072284 -2.616008639
-7.757846379 -9.691633305
-56.053865221 -65.293809976
0.764193733 1.030408358
211
0.001186942 1.147747894
-0.29947842 3.776305902
-0.607663814 -1.557448899
-2.795625428 3.896307957
-1.96960108 -4.45758584
1.550435127 -5.349547928
0.272675654 -2.063352045
-2.88537663 -15.174320041
1.114777955 -2.310451581
2.87782437 5.632905277
0.210045843 1.389221217
0.496601276 -3.443510884
0.428088811 -4.714052641
-0.53312807 2.990651302
2.442412112 -7.37898621
0.582236595 -4.839183786
-1.075283916 3.86239213
-0.378997742 -3.755971813
0.303019133 -4.236510447
-1.286500053 5.231753931
-1.721605513 2.981530781
-0.129650761 -1.393002878
-268.02729413 -349.85897389
0.428749951 1.453432851
-0.378808426 1.204586916
-0.546072806 1.57513599
0.098756024 1.005545073
0.784324809 1.487050451
-0.221641343 1.138193988
7.773532389 -9.957690689
-0.035308825 -1.254261749
0.125494937 1.060449605
1.734797625 2.347136954
0.396533485 -1.365164268
0.373829087 1.083423082
-1.527610596 -2.640108218
-0.106043537 1.088458466
-0.469239734 1.267789582
-6.110736675 -8.355799898
-1.30538467 -1.985679361
20.672045554 33.274427194
0.972691703 -1.780739123
-0.588620074 -1.494704568
-1.933816977 3.560786745
-0.526383265 1.513973485
2.53855155 -4.573168825
-0.414214503 1.402331391
0.581249375 1.444482449
1.361523362 -1.973260843
6.8267484 8.770371884
51.735044793 82.451363361
-0.352308954 1.556992502
0.043498482 1.112680479
7.551891826 -10.837135586
1.78221358 2.728529592
36.521042648 -46.431634383
0.128704093 1.208338162
-0.431976447 -1.386159783
-0.145207573 1.260206776
0.747077328 -2.276807829
-1.917429818 3.224173304
-0.258062416 1.246999465
-2.617324138 -3.499808722
3.288115903 -6.377372866
-0.521039513 1.373338543
-0.532845342 2.037687599
-1.713372531 -3.442926847
-0.116783266 -1.105839584
0.185059695 -1.255912851
0.429502703 -1.16030551
-0.0241756 1.327865158
2.949421863 -4.172616942
-1.145261425 1.824319114
0.523019011 -1.286873042
-0.000470654 -1.136117069
-0.196323746 -1.191728392
0.520341246 1.587608945
-1.495281662 2.419693223
2.156819518 -2.806283674
0.200602956 1.165572404
12.413105163 -17.888183958
0.105460361 1.195794907
1.011845578 -1.677501576
0.872192907 1.932625588
-0.012143854 -1.164560079
0.494755033 1.55503379
-4.822796816 6.489914508
0.362383513 1.091671945
-0.648344901 2.097826175
-1.443022238 -2.113323662
0.729299366 -1.488635932
1.413741981 2.356340433
-0.94180281 -1.754195683
-0.797381581 2.117128641
2.038070362 2.647498197
-3.92334607 -5.356676325
-0.002009337 -1.251354783
-0.406202672 -1.550281887
0.277865506 1.050529362
44.054348013 -57.559935451
0.968585046 2.042435356
12.197101618 -18.463095257
-0.160566559 -1.572560788
0.30968744 -1.492845649
-1.732312012 2.508325763
0.090807822 -1.02419671
0.287632629 1.213214523
-0.216817599 -1.055433683
-0.00469332 -1.176857413
-0.516944792 -1.291600063
-1.007500855 -1.958538267
-0.026253709 -1.580514982
0.05503449 -1.324947996
-1.354932654 -2.456044683
2.333138702 3.333814772
2.595866583 3.611249184
0.570820521 1.701781067
1.196047746 1.712392378
0.067869514 -1.383533599
0.09446249 1.104010408
0.866267233 -2.42733829
0.249325323 1.192711837
1.911173027 2.816463361
0.979670798 -1.529449114
0.191707016 1.1614616
-1.974135474 -2.708005622
18.879338827 25.893203246
-0.932070645 -1.781089387
-1.067117152 1.769676933
-0.353672657 -1.40990265
-0.096448757 -1.411822406
4.050292213 -5.283743219
1.69203056 -2.977217951
-1.113056281 2.07738151
0.709954023 -1.43939219
-0.112324296 -1.809259383
-1.203853272 2.074502123
-0.517916506 1.37498169
0.214646994 1.157277368
-0.597152875 1.532869378
-0.245223371 1.105902378
-81.952159577 109.393144635
-0.508967435 1.372624115
-0.091179251 1.128906631
0.028104098 1.353893321
-0.805259288 1.977060098
0.16410092 -1.312055274
-5.227024926 6.752889755
10.694132305 14.601852008
0.773006982 1.984931334
-0.577172099 -1.276222779
-0.111228968 1.168006038
0.444127882 1.255170498
-1.538976456 4.452681192
-0.063269076 -1.086648146
0.051897904 1.222988798
-1.2151716 2.242014119
0.204591493 -1.25789951
-0.41103867 -1.645730179
-0.325527102 -1.78389155
-1.709903016 -2.599440539
0.900507443 -2.112614405
-0.770354735 1.629702953
-2.648094547 3.880886826
-0.084018511 -1.020591322
0.083692845 1.038629558
17.076969913 -21.080603572
-1.251214039 2.226534536
1.154686952 -1.792688875
0.981277213 2.382790153
-0.157934348 -1.237485242
0.649974653 -1.436871908
2.027415796 -3.111590653
-5.30352907 -10.357332024
0.702957846 -1.389480505
33.740592501 47.678668701
-0.381923864 1.28204536
-0.583494221 1.477248253
1.986476122 3.238741627
1.527609979 2.487949897
13.328464633 17.97072504
-2.753553501 -4.53145577
4.76305337 7.034123657
-0.423379971 1.411502349
-3.917473794 5.602463113
-0.36804086 1.226665866
-6.919263733 8.930595624
-9.960680435 13.35925493
1.396178617 -2.252258422
0.055138631 -1.047387528
-0.670411912 1.647447032
0.690956199 1.326154077
-1.167165681 1.826657171
0.234917732 1.059456375
-0.121212399 -1.142004059
0.173322651 -1.598128978
0.100466238 -1.637234727
0.779879051 -1.999771913
6.367248906 9.75274258
4.631555896 8.010921114
-0.675772031 -2.161260538
-1.126438789 -2.118089896
3.892882455 -7.363245653
-0.192800358 -1.052517262
1.4500746 -2.828681453
-1.512887166 -2.793912513
0.552600191 1.424104375
1.200506354 1.779386232
0.465435743 2.078529481
-0.539922987 1.409229513
15.71165991 -25.843444077
