5
25 25 12
24 17
23 6
12 24
19 20
16 19
20 18
10 8
0 10
8 11
21 23
15 3
11 16
7 4
6 1
13 15
5 2
17 14
4 21
22 12
2 13
14 7
3 0
1 9
18 22
9 5
24 24 12
15 0
5 12
16 5
0 7
19 1
21 3
7 2
1 18
9 6
22 21
13 22
8 10
10 4
2 23
6 15
23 14
20 8
14 17
18 16
12 20
3 11
11 19
4 9
17 13
48 48 24
38 2
15 20
12 28
34 47
25 23
26 18
47 39
22 10
37 22
35 11
32 1
30 13
2 37
46 21
18 7
1 41
11 30
23 0
10 29
40 33
42 43
19 14
28 38
17 42
45 26
31 16
44 17
29 45
21 36
27 19
41 25
4 3
13 46
43 12
8 40
24 32
0 5
39 8
6 15
14 44
16 24
20 31
5 34
9 27
33 4
7 35
36 6
3 9
22 22 11
9 7
7 13
12 17
0 1
1 2
4 5
17 11
19 12
21 15
20 10
3 6
14 4
15 3
2 8
11 18
13 20
6 16
5 0
8 21
10 14
16 19
18 9
43 43 21
18 0
16 9
39 33
10 36
25 35
31 18
40 5
5 21
15 6
21 22
2 24
1 29
28 2
29 28
14 37
24 12
3 13
19 39
30 11
26 8
11 17
8 1
37 34
32 40
33 38
9 27
20 41
12 14
6 25
22 20
17 7
4 3
34 30
23 26
35 4
0 15
42 23
36 42
7 16
38 32
41 10
13 19
27 31
