5
15 15 7
4 6
2 4
13 14
6 8
10 1
14 9
5 12
12 10
1 0
3 11
11 2
0 13
8 7
7 5
9 3
17 17 8
14 8
12 3
8 7
15 5
0 4
3 15
5 9
7 11
9 13
10 16
16 1
1 6
11 2
6 14
13 0
4 10
2 12
17 17 8
9 2
2 1
6 11
0 16
16 5
5 4
11 15
7 3
12 6
1 10
4 7
10 8
14 9
8 0
13 14
15 13
3 12
48 48 24
19 21
38 44
29 40
5 14
20 26
22 20
44 23
37 35
41 6
23 33
32 37
1 30
4 17
12 34
46 11
42 46
31 8
40 27
24 15
39 29
33 4
0 45
13 22
30 25
17 19
26 31
14 1
28 39
18 13
43 47
3 32
11 7
34 2
10 38
27 24
7 9
9 12
6 3
35 18
21 41
16 28
2 5
36 42
15 36
45 10
47 0
25 43
8 16
10 10 5
7 1
6 7
1 3
8 5
4 0
0 2
9 6
2 9
3 8
5 4
