5
14 14 7
5 10
2 11
4 13
3 4
11 0
13 12
0 1
7 9
12 6
10 7
9 3
8 2
6 8
1 5
36 36 18
24 22
31 0
8 13
18 28
1 3
0 6
7 4
28 12
15 16
13 5
19 7
27 26
12 35
3 17
26 1
23 34
35 25
11 23
4 9
29 15
32 33
16 21
10 31
22 20
20 19
6 24
33 8
21 27
17 2
9 29
30 32
14 10
5 14
34 30
2 18
25 11
23 23 11
8 20
3 17
15 21
22 10
20 22
4 12
18 3
1 14
19 16
21 1
12 6
10 15
2 0
13 7
14 4
5 19
6 18
17 5
11 2
16 11
0 9
7 8
9 13
46 46 23
24 18
11 17
21 43
22 37
32 26
8 11
18 44
0 41
45 0
26 19
27 20
6 42
9 27
19 6
38 12
3 35
39 13
7 39
15 36
12 23
40 30
5 34
1 21
20 40
17 28
28 38
30 5
23 33
16 1
43 24
2 29
29 22
13 16
36 31
25 10
42 45
44 4
37 7
10 9
35 8
34 14
41 25
33 15
14 2
31 32
4 3
36 36 18
11 21
19 12
5 25
28 1
12 24
29 11
31 15
10 33
17 5
4 35
35 19
14 31
24 28
2 10
0 27
20 0
6 16
16 14
34 26
26 23
8 3
33 7
18 30
15 18
22 9
25 29
23 4
7 8
9 2
27 6
30 34
13 20
32 22
21 13
1 32
3 17
