5
32 32 16
24 15
3 2
27 11
23 28
28 13
29 20
11 31
14 21
2 1
30 0
25 26
12 9
15 3
18 16
21 29
1 25
5 7
31 19
6 24
4 10
22 4
10 27
9 17
7 12
8 18
13 5
16 22
0 6
17 30
26 14
20 8
19 23
37 37 18
32 2
2 14
8 35
35 23
29 21
28 31
30 28
26 32
17 6
36 27
9 10
21 12
18 3
4 8
7 17
12 26
24 7
31 11
6 36
27 25
22 20
1 13
10 0
13 16
19 22
0 30
34 18
15 9
20 5
5 24
25 29
11 4
3 1
14 34
23 33
16 15
33 19
18 18 9
10 17
15 0
8 4
16 8
14 15
4 10
9 13
7 11
3 16
17 14
5 6
0 2
6 1
11 12
13 5
1 3
12 9
2 7
39 39 19
22 8
23 16
2 14
13 7
33 24
31 34
19 4
25 17
29 13
34 37
37 35
27 5
20 32
18 2
6 20
24 12
28 23
26 28
35 0
14 29
30 38
38 6
32 1
1 27
4 26
8 30
21 15
9 18
15 3
11 36
12 31
17 21
36 19
16 22
10 11
3 9
0 25
7 10
5 33
27 27 13
19 12
22 21
15 18
3 24
12 25
21 14
10 4
0 9
11 0
5 13
17 16
25 1
14 11
18 10
9 17
23 6
20 22
7 3
26 20
8 19
16 15
2 7
6 2
1 23
13 26
24 5
4 8
