8
45 40
78182626392141542010383014774299208000969533983225541118995104401225451636914142
81338860977047455177536813013645785538993841453128005355325388442028513692542885
04114741981981536011043700408909919933731514299513900432608295798816953638096273
26662398530367235233303133236725752638074414609927542101410539919373667663687209
21353122231116489121951334962545222613284924528855833939473706522539124320964568
10975635874909682062017355617980769141068064121743457219599025384634533024048329
00191335160074385917501164421505680921789027039332091281926755182701481869919055
30702997221144136874396851912509786375985376439927597741640415910613848261978744
37609455218599613838677329609244687386383860078435511730271449675559947291971801
55581057416316694141393307083489986341324227219222780857197840079798745016911989
87355204146771177090476774308322783980770153292754874072009352712497329263189997
54000142272609551754019393155565958606971084291493676642092672954806432401031991
00976136591298417379573023127945157743662570995202795264445009187892578801961707
25932418181512189981516922671560644097024930286376574827468394970836977277147310
26115685720456049870069410886557879134905060052109579659703253838223201133131447
04347714073758098644858729290849755748528218526829635614312778715822668116037726
56474587952966749996720366923477182993676507617700443207270834353038206623209136
66799271385530466246575382408267362777653160817873882322356763285145688606474877
27944609832609919954500954083776842667062958898378768102672631167396769184869172
68707663798817467376337930097677037306054697807949D88283815524470661742371019567
35452546866433124676515060520406433934579604035824462114627276265225583522466240
57222089823147221424939359121136809834068334461245499124584369625442023692681134
49474939820477760959116226276384176374166957648438686919711979494618672255774152
82303256328089421542332860340411920622026938075092748134439520952995565662510742
58815896086494216567265730051841836446865099542093999110800594967766752194801344
50106930789024060118103288291375740518616722915112464928877140050385676417810677
21846414378095074310878908316290681326355281267459581244550671683472695584922795
06015100847055494216428535485276504841782963347676999987313622974715846007220956
92214871641919601204447165305968890709497114234707149925319695227282216011626801
77111401530205571134532194813310842046617958809283295896028696169959779389921803
86713715867525310697892373392818904331024074612163734789160455364578354487203806
70681437167239989283770197993587720120686289173773367114181943955614987460110965
27056695260309309207171827637535096599518083297738134310858406708677896202205800
64429308753723200610888748564205560530450721314171890109283777092195249955387061
17210491718338524252347735548182178942937313666280698285611965960128992744206523
6262304862010765S172235310116577855982425789374995386186792468206055814626341822
26517691573973823330290714447356698405182136653096624738879824205983640536598148
86219050593981928531428954739228506410263097871711048761031454537339197965564458
93547392260926437268662719241272521969018120785470626033854013670481058715026187
20818400823062084943218887443218079375722103922341758957011005384523441455491552
69963149468803314116648102654447809078913711653119272261795154078643323892423348
68942465835090938974313640459915214656787068976542299883931128784132074989033224
39176961488262136256896036962652294329833364351141000718692097162428325819273353
06686836430173917589511005879416784243137887531403916230065720160859752915892454
53282094845486850093918754770188838238091940590170280955474157376853552912092729
49 42
646165415812980638461613564490064417820004343606743105685029307933557729357559796100
477852104562446793094893257626355469722622978762788135632389878378960042186398415252
500984983468337848480238863125415564814300454654874097154593525321462896991008415970
583296000892092010700998422384711632766082948476758357951358494017292585671287435587
634575220996363964467270735563958250351644378415726139671012627635869052823505157278
248988407572893152294733354241808948648619032484860110168052334095718521536789977542
147778606466018D33160866098331289659921396116924434571096308936631785133329637577254
461698078302644709983312148069647498218749007877064265104300847033806044599661816824
735158438511230525673846791727629099404873705166444839459350065955183325199149489969
521381815202495028769464927928912119774795575594799515612724492817782885863312839876
289042429990984820648282104470267871707842180049441236587428501326261152429828912783
810130311486632519867004527714185690829897708130697451604236341986875916849405872602
967690987917038488870652396706991102297983894707214356825435890715560863178779449363
489805844108904011624918487428197019876150524260398383550661077242932674491836431522
809187543716125476954244666712225994033390532970961214132270335393955929859279157883
382067814426782633014950282832889772399736133631292386657596771121058405642122177199
895772308795273881549790206615647694464313264660455062069442790507916116043159874675
499021463425758121757088242204258038375701094690664585852201600108056993045807008114
802676774512588675702652918642901075042641539553280733111878868846035913504880722999
866333289955051356503040865263128320534794753512432416913425653141497809449579129381
692276908638575594760914960250611399645317998573392964379537345980863047492879915359
436809465921705823550684631959629676380080642270344068742216475796136728072372593555
65063740347310212313214365248991855980505748512S499608578953886356761370439623139516
468294754270454296430754630532440510612156154990928937464386110341217766425307358224
790671886594465441528622737980813856474018116072674702418963187355959870124592105653
956878885081052568375698355705791572086359798689159615306203356666177066035831734215
103457384624342832435396117568842832752487248277605502850742258868019867571748851324
530724247843833922406606564848375057741005549661338899079289836591230067700272322842
046210905045447499579489212276362077370510692240964345273674016213645887889374901654
057256956651368823805596142036153483575780066961682270582945291814507680782123268229
688888530765289208934810919440836434368406415356653526677066247507743882651256878727
451026779920609349137921115142711719414738986364278689593022074668298018463293452114
548199885752897033294794229009593386776347336329435180206074306340528603486585372312
097036192545660660681952413484084068487224938633407538954520370778326424588853002120
366085311018702036085573873346160569948381508494256965434351571719914700196929013510
260519366136676082534608416524831434719549067308728617921911063605667923283940348127
922474742880669094821103039972149144668273919366903679336924200084641948662749012188
967404679054644794943909344115544677003848281979061933397551308722014907237330097147
909023405160903230601276231383907951258996427867626257545232213471075582820979537189
709847303423211625242824586333145134959823387432905747534036080300414490136777683342
745123254195105187902151979317112103578956746457192721328791227374027899363137618409
234069004960842533444152805817858804868358322815222508974860995155825084962187539759
729682610757387681086303925712637610203712362147699192779884215879912648036649480628
331553283637538101737772951683980555412179926268313869736612434180163611503489678536
520035070202294967571584901171303334475927448580153572653078980287682397712432252989
418524928531110376289119655721712362897569807432199069281296177359585072309015788606
215790921755751214149575721225717586201871226908384006439303734993589511766059485276
422657132207945219229217297999834164750972475804872916030062610758704929381879639986
261359669382793415502189021268155784621936869197845308869855225167839557157711057203
40 47
6200700577219388520376471382525030111119737605423440578823605975555424180889584897307339428905
0786168647647319667595546990365423654947045484336979067112584192976798462649051033041151914157
0222093173988543811987033008451774893476139557017227713677769844620503861354406973113196319220
7780179822348513243525225500220990207539214655966031319704336667255368870907823789548080110740
5944988009688207748142354549331695663880222000708887402240510102894342343526815418803904604348
1227433142093621833658914250967493176710824178508786455304404701226532286969847707923788690618
5288654920192976032673789095705416537465197086165659267477475708625008645746755107143435327457
6937164032976552825931782874606510484556010108210207492636494893932416876717146455057803884501
2558465682644842158044807571587392470540974993715498638694558879906603447302825267658151311754
7605613736934298762038786091263667254818644377901160234182381034911530432169894584928351912134
3176610237480242630321604909490632296147219497209954162593667650875821794615179859453046783808
2278475217475547707143301003665120064610608710261712305168771678792130521344925390077268386396
3630053136551182416366952895214795942572577283252356953522920507383070834891679457628789558954
8880253913657055893723849230581911000661074943819264065959855344300387965940025205781244917515
4201708587937625460191277412461474536949309166494261341415621814321763855755211978677326974946
6144200118604913210307447861378091776163407618020086791777496177483611493659432355945132714446
2165115818137133956891063225518297011881900192063062675059148215039045024318268257453316465125
2253113518827847094572795867904432903402768832048050795457343254475306644354081526903270658451
9472515862298578567428598358106255393567124394769521223847726807712149495171494852860925389755
0396268115275115138277114885624547353891081006866492885531828027291906520593918995676187846247
7299309400116049086734305201824207696428390874240117185862078393643513348959348805030033511446
7247136125675690376044457514609151397563548762227619695279369698770182528142522499143224866355
8826181613774651636803264555059485032041476981178012977161525130671905888739777883831300405140
0902095638888302680389292182047733518166306744923701702342654755892895174332851640370383194891
9191675964221612405592211853667828002583744936389231678598135419443539013623006550856883278670
7891954834075520313438399472870750097530526909050416912173093226349296773449663192244346088205
8626456777139736865947063964447903154955938602943518253556703858945588235148902542210186523740
9977195933804743994363527989373469652314578245000296523746926723599027757878419062698796789037
6423088479292730557729485014394531114135291649168621276732752063272407590794620247536795908273
1196059507052098311274154387047083593437675128654528588243703656754240098461491459910222722333
1148295167971305316131789953392281031970095742308198205265302358032781746467507292605863680026
7911112611140631235846217380558688665538602496388094863851066836376987255003335988869901947792
1661187783371749354351510526514929774881010230260194226235129575832976874661983554110796060907
9232621441299915138243672483922955584741997094241982007512272923056043643451396148752240363367
6811677320347785327300566283472359108069341755867246102672749615861736826074298013246268432726
1786315745165964730223016312504554223942870886124618026730014518546813946547393924306311901468
8508160842583914363369344189742004511781688112366306337425252959340563771133868197153570519464
5339280535042786976037186066695202269142015965115276037250715255196628889129641390005734388476
4264299090290288420482419686259320556461424656990533997236077548759614555176524367823102875464
56818020202321770469S98966388528995719551690295701738789957265758286216622D6628693389231405887
45 46
70480588776500400539713803096752225442603235913026177669825979412599317899057911915765942855
33724003116733012884306109186526793343663198190510302422040744051903839134048117841463524630
46672812274164421040740547857204572613486759893508924669835001518837492221547463907319886038
02262341970718613787704342996009478014762351175186517639700167844142356433601654178770969269
17397101277205443069971490081072937243498862351598974484851842677139103494322275215010725934
17746584964094040185750678674788420224978834017667630330174279493893231412680094108214124863
23457277745231205494850370070036643453207222385840725995528027904321274235219257278636494666
57893884532403001126699658675229916195403389632812471918004913838552611895867204378844636630
12926382146401387437296581018498422056227048991566050206054096865623595729357487960407560153
25119794044636375946184425169339950826781461133008803668262996048639549557595295996595273353
45806478465632617958668974704967083490370438562337280492388062604631567756646002781629137459
1719713240823971244616372837831707807857123660150805895205822988700D880702491084518012061663
25048970889082902583032772208020001927043655629733033266161999361514391125268230123715005519
46330514510097776749264723780151554214080005825533494688288663637075640397625813427073635420
83531027777859998612004832928601874799475418707911140380498265695968217665283262285338327587
92460107535810387160749161849314117232999499759109572751933130887458541610373096817537284045
19080469022559283423229862526743976275433751349305282067837339980591047684741929638613339469
22034640752813008943362277646133673158457658721105404568268838522188523952614258160831190515
88736314411810724444454332595309496183898066690445710731739078853968464387881067926668384372
77252732871684806668277959617698992195938630094503418788367195996274108113022667511255035291
52176522775850855363055570557612202417543135978577302201576328521397402976902002634698181174
10913832828754602987631263223319569353720260555285025085708730972538601344910238604453871310
410129390776557788330472357764624864121855114637245241536270294229870827545070S9267589019437
63311534870208293941287509104884636330620843589645219569739444703765321444787048027209876520
54540142776147279224563427317327876169608472239212167312301683525138210576973329297574495719
60593132655422240674252388132814252664985269929546508743010427672048738123573642893664771393
71254010692341861956444574925850263127587228582814693856607240214693819594421384444128793969
71357626172865165300077479859792369458122600805824396045610587921132244239623104453799676858
43277408767287291505014674429234408674361366751521078143907534501595584731408128337650747879
22793707517099481431842046785872172188360438078676356898372593835155805173867257842727236250
06941132166312550987077158380016575250260979144646971765577712133760905213038587574871105240
96897605514969948644211888000994134429220906156060486734712185213202368753455119893046170677
06508892305795913129068406717071485777006087151363883965036102909407105078411884160720563798
58019246087970685046236817263540456943761960911688777213492500367692044906081140672677219152
67026314341946202651224328667505288349974443414960969417993985257142230625496411239034187421
93730325089085719795257195284311812846122297884539053065120357347388787773570760058897401329
57352947820494723083097066722908932639608792150159003939081806283770374164039027444815927903
22269443039902016305601829309637506002116984002472750729151864644991615825319066814424560066
27556426986246206703730654831447410924434703362797245574940372598413144260033577244648896897
99378113079551446657771782010838505023321409573442003044084580184719082339727023671828505750
29226315773578372465980552421564348547617659149357822281023782058292287068453610199349560321
07181237853552507044163478483147340228549626572444332069887675766716748703300372286953181941
17119669234543750398120058172117097758937258872343341915342963921839366151782991549511398146
88982629553074693072948937821149986637161990476011666149640247388024500631736122006843137793
54245985111349575062303498304879182275451102699152207524841795153549523836323796014738001235
35 36
500607431034484535982448515749583356820005111355186023456123644829312089
889140278317827365050681634483905754625327429849995900060953889538069615
395188889566635621399192436893112587600605099031885598864345874458727752
966618133448721225773862263925876189722560536692181918525060119060296120
305570766875886152129375647875895420321833289675796895263400533342010950
7222994839739887388478301711S1739397204358287416948769822930198421500331
244925581501327176026600430075234754025187229087691906133944436490305274
109554328365765815452090459006456128327402852048221596935567093387431405
153895052735960717161234800914442413337362897738369287068665322217956707
600088904658754738368472878192943583499720439691421059623530346009757621
694657518425383509619520323867564701537825209211865344188308083374915097
033724266412750208256766097172953501387754134213961459739587110396885739
479022801331076197370196309185020341859928581653599088064066416269810397
422094904538881746246497055687379443185204534554906001140068383070376545
175919470889312828775873888527485064728964469549802598598841040095552606
039903331948614142290347835025861837334065118795974851307083837249507832
148110024735110209375739270302851210577402308720998818976735921736802838
779437663826730376137338116557886155913379839060060359859953033596128737
811767699320275228005022229974527219547868133641241111200754215386098612
354719618552715027658117171877046061282866046138582631306321077699860853
839620360008594044945859090459476026586557103089607334731596222721687266
451076580444777167615993468430377833169814405826658795605084691339475643
454047828750533355890302845720018290825360755092209392229725246364262387
706661740839434180814846381508761305009732742458726767595691013778722978
640387954686189986307292328926075721777726068362842370862215954395871142
427718918429474250158311832116723006992528778083133219834215361723259216
445709852621404174748926295319379697173248508284838850988176604106602943
333841220379466432035183600960437846140966700875342190605268033676555555
134468359971060886848407957592171166791382184039472203574878939296664886
034773760818135467879122346015327115867883223572302787175636340648023053
0547357761598140D6498230048473706132627589496361342854095596306860928326
846302086227941851821467822051208129238359703154062733204071990931470714
167017059585919376702929583940373212084917167015234543568935490423431359
977624382589355591241509033869637929600349044421676709652282780339309810
704899801697101327278095396779843827093344515149150692989158906275740518
35 46
52088961010452085783815082711006097670478516105045572564993927923515741117831368211196283540
28129105444143561854363628549706875612770417237686244399416492544238007408294971460889494426
66622556419328501402224793486185973817767079931354682098345570872357753991603385697829197238
98757425361987625528999644013669730366004878556816541941727241388654633666035671028009144030
94532284196133552612113471611191796908161486062289851158484182626016582148391157665113900097
12857467668565770155719130380938653843110557642626003137761186822477788958082450797544153324
16701957467615053502174413126931493215488594623519509610821979045400065898389817197794631609
58705572126836373306384198115317679307137815643177775648253414312621289395972005810008923566
83157322025665097384058704923864545241006527817262164595061979516946648824740259935556455641
13809796859508975175207368352521411349309775862467286237104453872596576425812297998735942491
99552070242019943395057713827810252013580064319324358673950090401675370833422505409249740455
8158690241489266254598909802362258723D329977798668580640428641929439094762220965519851329560
58987683324335524092987515892080411549406226699201340330997671130873113699865178772692590577
14040937406164644288821459023466763142425636408640762697079965093644078908866596522720120801
727547109909662760635413208301171656485144738992762852427207370861447676780416741904315922S8
26219310945093899728990946350894334677655590630623683003377824391922902695183439484667250031
69543168017856386193603954957339344216730850953316503442597420924814045592722846071422726590
70047867999778366618201361340124953335931108800404585150867165099842692606230578591699681793
52831079048706360250420156487014498227058239212863965595620891157191902635474396978321785315
13324777347728680790177441314876212744491317219116208926461504994386928044031905311435985708
96211917069409597840177709449777986087710782179939125082666233062464059191974711448136783106
00311405911248032949343747386143675716495961693735330087189721015087372035903585008904480349
99409981024522106428569856021544449755778961528496204237381099831662624569931534260212034400
28398023802825057130235618804942915979298575522503100129691443074270945801517984334892663599
73631127899209521202862780818524587601713536699007237175836717900620380112708040352958829622
49141432235147373908201016535191967288595837364176857566061453923092777945985380988190743937
58617421802518268535741545949167139277957307014261110171518911605839332777423005215728190755
02130365798366770160008602844351797896792961486883972914878818349596358342488981751995824263
30027736938733670298534417033663955076969796766502576634971634039946086816290015442240939656
91453551330923924869580818939205371350826484998070391435957760041235953332899979715078623244
44532920257586546699208471940826375524241431500666731952406100474324272565503316232620072698
86876597951160760699338905257116363776038381811353990150073597413998716618865724884986470368
38508176344193731056056567848660060086882355183422848341457185522462011618183461064658763664
98554175774751590336488318515349456440938339525443888745450503661230523917874778901995063393
85512571795036689208303802411443827762021237618225993610600942657924450689698153068220857493
47 40
92403139760146055020235851840251862010209365495020637221686160501628360258663580
93319331201510312122542883491663312962106739744767256369884452222438650509095528
22357882535778839067740929530516834626719444575473604389904538787565339176170727
92722151134312279163436008073470573130518395560382684482677157895965939415431494
55532709064872449566263855303211041490058794289081251216743507591762563267674194
92541719392844423427481602976623506683719061301457082442336823455939999335323571
34198568225753211949522322592714426836003720618166401096585296331325478520295830
79292860056035909276094334367521800324974148505231644686412515241066784734243082
86842338411408711793536728543058261083897583523956294716787723210174829404463559
1946007777691984298761448604000637000307215372232568268243744795920S942391711498
87049393590877075821669660605076158666054196652446232344616871399271762937647635
74402366394752465791592265576530242606460473341089326247137686441616840914044813
22269809029220045682682044482292269311332369794383142561185601716295521905683303
10384597693712502325183417773512404944559500193332990907905214684012306787639652
19212014284191220662609506716879367647490287062911234294180599101236432767209262
64505176000507597644589430320102408393725614964494301667914359947817184755143121
80467605695881209530245495325440151750766816119759246640469990636890827343240662
65670193502168484985612469157780363708605136096517964840892483762941860020202890
00900154937321683105883245470768601880871082531069502047175874685184928429119808
39312445798710188110589633154718533898361058673798736105644984235492454078054553
63994866758412346451730395571088412600977338353048763806116834207955186197874060
82774699102924190759106283179627836084055405184604078750742725774821166565404157
76056841172969910698495433772863101670399503580972618708031740184729929506455417
44330704543194538663175933343418267787545226038322100105523203576667556854969515
91552284111488132518677309819354406913736319866000258470297947833743666205385132
27240572984779147098868741767490226655264950265309005678064897266595582480277508
85023612470938962626058865486370314905105749304617862949855546519534221666018178
49170294575045568573817295354057037157054985049125285057240489916147096658904704
6503049687580588068194961906497616418089605022358347D832370886171609212200489947
46827179126165488492120898742090879530759522818063866895833655615673119681411442
77884684418145561638448874160305759061111528897330671477311982407516505554719976
34616648074418868667737450512433098496777714829187068990156726563707600217813353
65440148670084030477967363287861733513690765029147932973223952507821370970938930
23584088265875803614279557982060278450684483274739125689153675370472209255303085
55251951527124056976501942655577103470542479107640058998191004648741009417807251
68235302583066264565185442178188796471444356285768571448994315080271976862336921
63517653168822626265279221848620183711035902629673499120178259319191212203065991
68167265410876965743911179464925403034590211843797577234250808861790308994116228
39651443563731405777589863582067563761249196637482958559522543093174630686967180
16888035248514705455715185754989287492413286237986995562656218551853532799091293
11226639653023948377779726771659004272833061168922196088416177280841395566926048
36880515144748577665169182932820262457453107336741862741854571734544776176677548
57326785500740866225778367831319852347933294588895813279041418752285013938550321
25722239906683027575140237275274152815163286770115250192346193513771710861622473
00622665240872899990679822057036461170343587938678880318356459717395795255190037
74385837370820796415241871705006674268231607554840672012336677320774683721177598
34287989272279731440239751699976250076294684337505160539621974860019301153091499
47 36
633208938846785455547022406303693481794740701786095800958087654948556834
762855911521990646040898482052995300511726707602814935084237960466961729
256211047390308787147833256435335166207785315334323942293777636500194517
092077219252627689076524502111894829524335972084183436848875526965108024
297131383144160657873494392032006384176144406226674220348923861121710614
902206572476223084138498781878241452768496063553693593648975691904586425
133882229835115844230646230962802032461400022125481832751768050355496370
576236391955323137003701229764529768483877595270866475709202887785378013
811629132246793522563572766834620270237655833531184547528292774684162722
912064882774170002202929463188859736394763180603344958850043316179054612
0647754041989917192484735477136464770778809250145208364165876756S5143472
612407249999654643212810472430146805690964285109215842978419387478474265
588098370038892664355091234703960985906651867199455753650073480374451916
645888051945584907793890675650121031187167304729152952953555409627615871
076299978560267616601038897439881481451971653432486108897853754666536427
094265756014481238387389714088055760142010280209356656649981950145635995
233168154004116862018838982394375288174140664236377022811438062987126385
429248101618572557654967767979365078845099402129461542585261016782536608
033541090056142030229325381139199128483495723328187360664224060723936225
687519377451261421111272372767667836790129861416399230773558635001451969
215D66558941928831601803565870781771930716837911359289725901134929065231
306036581692962548685977013712044166284577714218494374906911796622639833
343581142306886322497585433997534623624107564982128006569432985063236513
601262973714842947838511637851993817986116422322756402166905660871140483
113169015280273051388215030997419815441459003321475157083872545311833279
053219798133787574795079266911426849227963002175721951400340358518392350
720457927132717701327859811716627625937329062351323585111798399747874094
663518550074056516847810975614104688553922671517006214275644853707603013
440436666929685175328063414513902474139937576717637291489300465875348492
619929586623068193133174982798379129805081867346689055970373779215261966
879894452774797861372682407509401547385939444270190872250030313633037052
019957557842776719742237759324475235950294867356827253100601262262259325
784430556617154246688867896827553995813293108027128541810835968721010883
285296313343116954100423571384025956030469679011685041617176041619687694
141927228524833342539850408092018251411385406170725158984534757089228724
426372867507703019806804356267118036635522318477833060866356446344796762
529576015097978121440242664422113887844731773369084757076854546557822460
422706809049090264850807755768239385490585533226175606661190926151881814
968362486584421468090191525792909431309520812277247878883521100151976533
743692804737522626842233538263083915594747258217334061009736599398462563
379497357316554128738879131765888689517027750108235576868729404789674735
315260239246676588042493548860250022594626835598395431559679869729945190
073518322022317428003258163608710531974046179546139100108167469908262829
554042944109780469460183059954326248494813684035620141937142014375278131
340086768798869326342459533624285517399635337694840142852097197247825851
963420270599479150127918814621521091755918122737064482825719820655121470
728651984719351295473406875088396366234835315161073152731128728777936385
