10
988 956 763
52 56
80 58
62 77
63 96
86 84
81 89
69 96
68 93
51 72
52 72
89 79
72 79
72 91
83 94
87 51
57 71
87 76
71 67
56 53
82 58
51 91
70 55
59 85
67 57
97 53
95 72
71 92
86 61
76 68
64 60
87 71
95 78
56 97
79 59
77 70
67 93
77 67
97 100
53 55
51 83
52 95
64 70
76 55
93 84
63 57
89 68
84 71
64 55
83 92
86 65
96 96
51 60
67 75
100 82
98 57
97 100
82 50
96 72
75 80
66 79
63 71
64 82
59 77
58 55
66 73
69 80
88 72
65 57
57 93
63 96
89 84
72 56
77 62
77 95
99 93
100 72
99 91
61 64
87 84
93 89
72 85
56 69
81 65
87 64
58 98
54 61
91 97
90 90
58 76
74 92
92 52
100 71
76 67
71 96
90 59
72 54
78 91
61 82
54 55
90 56
71 69
81 97
94 51
51 90
93 88
59 87
58 99
99 88
87 78
79 84
54 72
51 85
84 81
67 95
61 79
70 94
84 55
82 62
60 95
92 75
53 52
84 86
63 78
79 52
91 77
81 80
90 51
95 89
71 56
78 87
78 73
69 50
79 80
100 73
58 79
93 67
65 58
100 74
74 96
73 78
58 62
59 71
51 85
100 77
66 87
73 94
69 61
62 96
61 62
97 99
68 94
82 79
57 82
69 83
74 57
68 66
68 77
96 88
93 83
78 52
74 71
81 73
92 97
62 58
64 85
79 55
92 92
100 66
99 87
50 98
81 73
60 62
82 61
79 84
90 82
56 92
99 97
78 70
62 81
95 80
66 65
73 62
84 68
72 93
82 89
56 95
96 64
93 90
79 55
88 69
52 93
55 58
52 50
66 79
98 71
94 88
81 96
87 54
56 64
59 100
91 90
54 80
83 59
82 68
88 98
64 52
85 54
71 83
52 90
54 53
89 50
63 83
64 96
76 72
80 65
84 77
51 81
57 95
95 87
51 54
83 76
74 96
66 100
54 85
75 78
75 70
66 61
70 86
59 52
95 98
99 68
70 95
96 76
70 72
56 79
86 63
51 60
63 81
80 87
72 60
72 94
92 58
70 60
79 63
81 73
67 62
65 56
83 75
79 86
82 94
76 100
89 93
77 81
53 58
55 74
61 73
64 59
74 77
55 88
64 87
58 95
93 100
88 74
63 80
97 65
51 96
52 83
60 78
85 73
95 53
52 62
98 93
92 82
68 66
89 55
89 91
62 75
66 86
57 91
92 69
81 79
57 84
100 85
59 68
75 95
90 87
63 97
57 50
57 64
75 68
93 69
78 70
79 72
58 57
95 94
58 84
54 52
92 66
75 66
67 64
59 58
75 75
74 100
71 99
54 65
69 74
74 84
83 63
89 87
88 55
92 55
87 99
81 96
85 75
66 72
59 91
54 68
81 56
55 73
69 95
59 91
72 74
96 62
81 64
83 78
57 64
86 56
94 54
61 89
95 64
65 87
98 94
77 62
62 97
61 97
75 100
80 60
76 51
72 73
67 93
52 98
92 95
92 75
65 89
61 76
89 100
70 97
53 58
96 52
91 61
51 68
75 67
75 92
98 55
91 54
51 98
84 76
73 61
69 74
98 80
79 64
91 88
87 66
70 94
66 58
89 80
75 64
76 55
85 52
96 66
73 50
56 99
60 82
59 72
69 64
70 71
96 71
96 95
73 64
72 90
60 77
62 98
51 85
66 80
71 52
81 96
87 70
56 81
85 89
79 92
54 52
53 89
82 66
76 81
82 64
54 60
75 87
76 84
51 97
70 99
95 99
61 64
83 73
68 98
75 85
77 63
56 68
67 74
97 86
90 54
67 61
57 69
88 89
91 67
51 59
80 98
84 65
78 83
65 56
56 68
54 97
95 99
59 83
89 81
75 61
89 85
80 99
55 93
68 72
87 91
85 52
69 74
57 77
61 93
78 63
97 72
96 95
97 70
86 89
77 75
97 99
99 65
62 59
83 68
69 52
91 57
88 53
88 70
98 60
69 59
70 64
74 90
64 51
61 69
52 97
89 70
91 78
99 54
78 70
70 88
53 57
91 57
96 87
82 74
75 83
57 74
77 71
99 60
58 52
51 85
91 99
87 88
65 54
71 53
58 60
92 61
69 70
65 55
78 92
63 76
86 87
70 54
63 86
66 75
79 87
99 83
68 51
81 84
100 51
81 93
87 61
78 60
52 52
59 56
96 57
51 91
74 51
100 85
57 73
61 95
53 97
57 82
71 72
82 57
73 72
54 89
73 90
71 56
67 57
79 100
56 84
91 79
57 89
76 64
50 62
54 86
79 54
95 73
92 97
73 58
84 89
62 94
98 82
68 75
98 80
56 63
85 53
97 80
98 51
79 50
63 78
63 91
95 51
82 75
82 55
95 51
66 74
69 74
91 50
87 97
96 66
57 71
68 91
91 59
91 50
88 87
70 80
100 77
77 69
65 79
58 83
72 76
57 81
64 90
77 76
91 81
93 70
60 77
51 72
75 59
77 79
75 90
99 92
52 53
51 78
92 92
51 84
53 100
66 69
74 68
96 64
58 84
50 69
88 51
98 51
51 78
66 57
85 53
50 58
76 52
85 86
67 73
57 58
56 99
51 73
79 99
90 99
61 56
93 61
69 99
85 72
97 98
79 66
50 58
73 72
95 55
53 67
99 73
56 80
55 73
80 91
81 56
78 93
88 89
75 78
52 87
100 95
91 93
66 76
95 55
89 72
51 89
90 98
98 91
51 73
72 87
100 93
70 74
81 52
87 79
52 58
55 89
94 74
72 81
50 64
74 96
89 97
73 50
96 93
53 81
97 53
87 85
66 64
60 95
96 69
86 60
95 77
84 58
66 99
70 65
72 97
57 62
56 88
64 64
50 77
51 79
100 92
95 81
88 65
61 80
79 93
96 54
72 86
69 63
95 63
67 71
55 51
56 52
59 58
72 85
96 96
66 57
61 72
57 90
92 59
51 56
69 83
55 66
61 54
69 91
100 77
80 86
65 84
54 83
68 63
95 94
70 88
90 74
72 57
93 71
82 53
58 69
76 59
89 73
76 53
70 56
52 69
71 77
87 82
68 62
96 86
97 99
90 57
73 56
77 65
55 50
67 93
70 85
54 100
97 56
55 79
91 54
73 97
94 75
95 86
96 52
81 89
89 74
69 84
100 70
59 88
87 94
80 63
72 54
73 91
61 95
95 96
65 93
100 91
56 61
57 88
86 74
96 86
99 61
70 88
59 83
80 74
53 57
60 91
66 77
58 98
86 58
96 82
57 56
64 88
56 87
50 67
66 65
94 89
71 79
59 86
86 70
83 74
97 77
80 77
74 70
54 86
87 70
98 52
95 57
64 85
89 51
52 65
98 79
79 62
63 78
97 88
81 93
64 58
93 57
56 53
58 63
74 83
86 79
58 65
97 53
91 91
93 70
68 79
90 65
54 74
77 80
92 76
67 93
72 70
91 53
99 91
94 59
85 78
96 94
92 60
63 85
56 56
81 76
99 69
54 69
78 81
57 59
51 59
54 97
75 92
50 74
64 98
91 81
64 55
82 68
84 76
58 68
55 80
73 77
57 68
72 54
82 97
50 53
81 100
99 51
80 66
52 73
95 99
97 96
62 87
87 85
76 91
56 64
97 78
82 68
100 98
57 51
81 70
58 50
92 61
99 85
73 91
92 52
64 50
55 95
92 50
69 65
85 51
85 51
70 84
85 91
58 66
50 97
67 55
68 95
63 52
68 70
66 77
73 90
60 65
56 72
98 61
82 71
51 66
92 73
73 83
65 95
63 94
56 71
93 93
95 58
76 92
97 89
69 95
92 57
92 65
91 72
59 53
95 71
71 99
50 56
50 83
74 62
78 85
84 70
67 68
91 61
79 65
81 91
62 67
73 54
89 100
96 100
91 61
59 57
63 96
88 50
68 83
70 65
82 65
92 53
100 78
79 77
89 66
68 74
53 76
76 93
93 68
65 75
77 76
59 95
75 74
88 80
92 51
83 65
92 71
71 70
76 89
86 94
60 73
58 99
92 84
88 76
72 52
50 100
67 68
52 75
81 77
75 54
56 83
69 68
93 52
61 71
72 69
64 67
61 58
71 78
99 58
82 86
53 59
68 60
87 98
64 88
62 69
89 71
88 91
61 56
54 79
99 94
60 68
64 60
61 69
57 94
85 90
68 75
91 62
69 62
50 96
65 90
56 77
92 69
52 84
54 77
78 69
79 75
67 97
80 93
91 69
75 94
61 67
95 75
75 98
59 65
78 90
54 51
56 64
100 85
72 74
80 80
65 59
92 68
87 75
76 76
96 72
70 83
54 70
92 99
72 53
56 59
57 93
93 72
68 64
86 81
67 61
87 73
85 65
91 87
65 71
67 83
80 91
50 67
86 81
78 98
78 84
84 74
79 86
73 83
800 247 867
86 58
53 64
61 64
55 64
69 54
79 55
84 52
88 94
92 72
84 52
56 91
65 53
90 60
96 88
74 64
84 92
51 53
68 89
84 71
63 83
81 67
82 58
74 67
58 85
93 61
71 85
66 74
73 55
91 56
64 77
91 56
86 100
62 62
50 50
64 87
73 90
75 100
54 93
76 64
81 62
66 58
64 81
90 86
52 76
59 61
99 87
78 57
74 99
84 63
87 92
55 68
95 89
50 65
94 84
70 59
87 85
90 50
77 83
51 71
87 56
77 66
83 73
54 73
59 88
60 60
64 53
61 89
62 88
63 50
65 76
67 61
53 54
71 56
68 93
87 66
85 78
82 56
91 87
90 82
67 70
94 75
51 78
73 81
100 56
68 73
75 76
77 82
77 72
87 52
94 89
84 67
63 95
83 95
93 97
56 73
57 69
71 85
98 74
79 73
66 92
51 66
81 100
97 85
62 59
87 86
69 51
73 86
100 97
52 94
72 66
100 64
65 82
94 78
63 80
93 90
76 71
94 73
51 96
63 52
82 77
67 89
72 90
66 85
79 79
76 96
92 93
74 60
77 69
52 92
93 68
87 78
83 74
84 80
86 88
74 83
73 61
54 54
83 55
57 90
71 97
77 80
84 53
89 74
67 68
81 83
76 57
68 72
71 74
57 79
56 50
96 59
94 72
76 52
85 89
100 72
90 71
92 75
85 93
69 58
81 90
94 87
51 80
91 88
90 83
74 70
53 81
52 97
79 77
92 76
60 52
72 87
67 78
70 67
67 63
90 68
79 95
54 60
64 86
59 62
83 87
64 70
77 73
69 55
66 74
79 96
80 67
77 94
73 50
58 96
62 93
86 66
55 96
79 52
52 99
81 64
52 66
77 97
87 73
75 50
77 68
64 57
99 73
52 98
99 77
77 85
88 61
50 95
64 63
81 95
71 51
88 61
83 73
69 60
89 58
56 63
51 97
87 85
60 90
98 72
74 86
58 56
65 50
55 86
94 74
66 98
86 100
74 52
99 69
51 81
56 73
90 80
62 80
80 73
68 92
82 100
85 71
68 57
92 83
91 82
84 66
95 66
71 96
85 57
85 86
77 52
55 80
70 79
51 50
50 50
60 58
62 90
86 63
67 100
66 95
96 66
75 77
61 68
75 94
56 85
89 61
60 78
93 62
82 96
60 99
74 96
100 94
83 82
89 87
63 72
78 75
100 61
70 56
99 84
54 93
99 54
88 62
59 100
60 98
77 64
93 65
80 57
82 52
55 98
53 85
58 59
66 88
65 100
51 77
85 67
88 82
50 63
92 64
85 53
71 80
79 64
100 97
61 69
67 85
52 63
76 54
68 80
51 99
87 55
60 76
92 69
71 75
57 75
97 98
78 70
52 83
56 96
54 59
83 91
77 78
76 70
55 73
70 66
57 56
87 80
60 57
67 53
99 58
84 52
86 74
83 98
68 51
96 91
82 54
73 98
99 69
99 55
91 61
52 89
98 85
74 58
76 68
79 88
77 84
92 65
87 92
73 66
50 79
51 67
89 72
95 54
80 54
97 96
56 97
84 83
64 79
55 67
59 65
77 51
81 90
51 53
76 87
59 55
82 98
85 85
96 51
64 90
80 52
94 58
71 61
55 65
88 52
88 59
61 61
83 72
59 98
70 96
98 98
75 62
100 84
76 52
57 88
58 78
53 92
55 89
70 67
50 55
98 73
86 76
68 84
94 60
57 97
56 88
80 84
59 80
81 82
81 55
80 77
94 58
58 79
66 87
75 90
71 79
71 79
93 82
66 64
98 52
51 80
77 83
54 50
86 91
79 82
98 63
85 99
87 59
90 62
77 61
69 53
95 74
78 94
76 96
98 84
50 78
81 70
82 77
56 61
85 66
95 54
87 70
77 58
69 58
59 73
76 65
58 80
97 63
69 60
73 78
88 60
97 66
57 65
74 76
74 63
67 89
73 75
66 89
58 85
83 73
80 50
97 91
83 84
98 60
91 95
50 86
52 80
57 72
59 95
69 69
84 84
91 77
53 75
100 68
53 71
85 87
90 78
84 57
62 86
83 96
56 52
56 83
88 61
63 56
79 87
75 81
60 67
63 96
87 84
88 74
77 50
79 51
83 88
88 56
56 93
70 74
65 62
82 96
89 52
50 99
76 96
62 71
76 84
70 60
92 90
64 58
91 95
74 65
91 75
97 91
98 51
82 62
56 100
58 61
83 66
88 65
57 73
83 88
52 94
79 53
58 86
79 71
65 79
53 67
93 78
87 66
96 65
92 53
65 66
57 51
60 52
63 73
83 88
100 78
99 52
93 67
60 78
67 54
90 50
66 84
81 76
77 65
86 91
58 58
73 76
79 83
81 81
77 60
59 95
67 70
63 66
71 74
68 51
50 80
79 100
68 50
64 91
55 70
73 89
61 89
68 60
85 51
94 76
82 95
86 68
71 93
72 53
83 99
92 53
89 57
68 75
95 85
71 66
98 93
56 90
75 79
100 80
63 52
58 83
88 74
93 89
66 93
86 85
90 89
80 89
53 99
96 69
95 63
60 74
64 82
55 93
87 61
95 80
79 90
57 63
54 72
53 60
74 88
73 59
84 81
58 54
85 79
97 69
55 97
62 99
88 84
61 84
55 96
61 59
69 91
67 78
85 62
95 94
59 75
95 84
60 89
53 64
74 99
82 82
73 51
87 55
63 56
72 62
98 53
58 66
94 96
98 69
70 89
84 95
56 92
82 91
95 70
73 52
92 100
88 100
97 73
85 72
83 60
65 60
71 68
78 88
57 99
100 53
52 73
63 52
74 67
85 50
51 69
67 62
76 88
100 89
64 97
91 91
97 83
77 62
72 60
60 92
76 61
88 81
71 80
82 71
52 93
92 66
65 57
66 99
91 87
71 72
67 55
94 90
74 77
100 70
50 64
87 66
59 89
69 71
52 59
79 77
59 63
81 99
64 52
89 74
51 68
52 100
73 67
76 71
99 65
60 92
74 88
51 75
84 84
62 64
89 97
82 79
55 79
60 72
100 95
78 91
69 97
89 97
100 98
85 54
92 59
73 50
95 99
93 95
76 65
60 87
73 63
75 78
86 93
66 66
91 67
51 97
72 56
69 57
81 57
81 55
92 74
93 84
97 68
86 78
91 54
68 58
84 53
90 76
50 80
62 62
57 82
69 79
82 55
57 98
85 65
69 90
54 52
88 85
100 72
100 54
98 99
67 74
87 99
64 50
84 80
51 93
96 88
89 68
67 69
69 74
55 64
93 67
86 94
83 69
52 62
97 61
92 90
53 86
83 60
79 61
56 50
66 57
91 52
95 66
86 68
68 51
91 53
86 74
64 75
60 90
87 67
75 82
89 67
97 83
53 78
51 78
57 83
80 100
74 57
68 74
90 51
69 69
81 76
87 92
73 79
60 81
73 85
59 75
64 91
88 80
74 63
98 84
67 97
91 69
56 66
79 84
96 99
100 94
97 70
76 59
72 60
55 62
50 84
100 88
73 92
82 57
71 84
81 85
65 95
93 88
86 80
55 53
51 93
98 66
77 76
94 67
59 86
88 94
85 86
50 69
71 76
92 55
947 436 669
89 90
86 65
59 92
78 54
87 65
72 57
64 78
94 83
54 82
81 88
86 92
97 100
81 95
81 71
98 53
53 53
76 88
80 58
85 66
81 96
76 85
67 66
72 84
65 71
99 77
63 66
60 52
94 80
88 77
79 67
61 59
83 63
69 53
56 54
77 56
75 93
89 78
73 62
81 88
93 64
100 53
87 64
72 87
65 91
89 89
83 87
85 100
82 62
59 69
53 57
52 72
81 83
68 54
81 75
63 80
96 91
54 75
50 96
84 82
83 74
90 90
68 82
63 61
90 91
54 50
72 61
87 62
82 92
99 100
100 85
97 68
56 96
56 77
78 51
85 84
79 93
53 92
98 94
51 67
96 82
95 99
76 66
74 56
74 67
73 57
69 76
68 62
81 83
69 96
63 82
58 80
61 87
79 83
84 67
53 72
92 60
85 64
64 99
67 58
64 77
88 61
81 74
94 95
62 100
84 98
58 53
58 56
55 82
92 94
83 58
87 71
71 98
62 53
66 87
81 52
69 72
71 100
54 74
95 75
74 88
95 62
75 91
64 70
54 58
65 59
74 59
59 64
81 69
63 71
89 51
56 87
65 95
80 60
66 63
93 50
62 53
85 63
54 75
86 65
94 100
56 55
57 67
77 69
53 59
69 96
100 72
56 74
71 59
57 76
76 91
58 85
95 60
55 99
87 70
68 91
76 58
69 66
95 70
62 97
76 90
69 90
56 98
75 55
53 75
75 70
55 50
69 61
82 83
77 89
87 58
90 67
77 66
99 66
64 53
56 100
58 50
79 76
78 63
72 81
99 68
56 61
86 58
58 76
99 88
65 90
86 85
52 55
61 57
76 58
68 86
83 68
64 84
75 90
54 52
82 50
73 59
86 59
61 58
92 63
72 52
79 86
55 89
74 65
77 90
57 90
73 62
62 57
57 84
66 76
90 65
85 97
57 100
74 67
75 57
98 86
58 79
86 100
67 83
87 79
100 59
79 50
50 87
90 88
78 69
68 75
94 82
69 73
62 99
93 53
100 57
72 90
89 57
65 69
92 83
94 75
68 83
94 78
95 68
99 56
64 85
77 57
100 52
77 93
93 50
58 82
82 74
87 58
100 96
56 91
64 100
98 72
55 66
87 80
93 85
50 63
85 71
64 50
63 78
90 74
66 88
70 54
98 85
93 57
87 76
58 51
78 78
76 82
64 98
63 65
83 78
66 56
78 85
69 70
98 55
53 97
80 52
59 56
83 75
100 82
81 98
61 76
81 55
76 86
93 64
53 53
52 78
64 86
69 84
91 81
53 100
56 60
94 82
66 53
53 92
100 60
67 68
85 79
56 94
81 79
94 73
71 94
99 55
94 68
95 62
72 67
64 76
55 96
88 79
92 82
66 87
87 72
89 77
64 96
70 98
57 89
61 88
66 100
64 77
86 82
99 68
81 50
57 95
88 82
88 91
84 81
72 97
97 67
61 69
84 50
68 100
82 74
61 92
72 56
59 82
55 61
97 74
52 54
68 90
96 56
86 92
65 52
71 73
76 86
98 62
87 80
73 71
89 60
85 65
94 62
69 91
70 57
87 89
61 61
59 80
50 55
89 64
98 70
98 58
92 97
58 84
79 91
64 95
97 77
59 87
94 52
68 69
56 67
76 76
65 97
87 66
69 51
72 53
93 96
62 58
69 56
79 81
65 57
83 54
69 56
54 81
78 66
73 52
86 96
61 73
86 63
94 100
71 89
90 95
99 93
78 81
88 74
95 95
76 84
89 83
65 83
73 75
63 55
52 83
92 84
78 53
98 73
75 52
80 55
75 76
89 72
59 94
87 81
50 56
65 57
72 64
72 100
99 89
51 95
54 65
82 74
99 85
80 51
66 58
92 58
73 77
58 89
52 60
66 98
98 53
80 78
90 86
77 95
89 77
91 97
60 64
68 50
58 56
57 78
58 63
95 87
96 69
55 53
96 84
90 71
57 81
60 97
90 79
91 60
55 90
62 74
88 58
59 94
77 86
50 61
85 99
63 52
60 72
73 63
92 75
81 93
90 70
87 98
80 73
83 56
85 88
76 58
67 88
77 87
62 58
57 89
57 74
88 84
92 95
67 57
92 82
91 89
90 90
55 60
67 78
78 87
90 93
98 53
52 74
80 81
77 50
87 86
84 99
75 70
60 81
87 52
56 87
91 73
51 61
91 56
70 93
81 82
82 62
68 93
67 88
74 91
96 67
89 50
89 88
93 70
77 76
77 55
93 77
54 91
54 72
60 78
79 91
74 56
67 93
84 69
99 92
65 67
69 64
90 65
74 72
89 89
90 75
62 57
83 93
79 52
82 100
84 57
54 55
62 98
60 54
63 89
54 62
75 70
66 57
97 55
73 75
82 83
93 58
76 59
55 100
81 61
76 84
76 60
59 77
67 58
58 97
59 75
96 84
79 65
77 89
96 84
66 98
75 87
50 62
82 95
86 100
86 92
92 61
95 88
70 84
63 60
55 64
62 85
67 70
95 88
67 93
59 73
69 72
99 92
76 96
83 73
91 62
100 75
96 61
69 60
91 67
72 68
58 95
93 99
82 84
98 72
66 92
81 60
50 64
95 57
60 94
53 68
98 72
78 54
93 94
67 63
56 68
66 54
60 63
70 79
100 94
73 65
78 93
80 74
53 85
65 63
70 98
97 90
95 58
51 100
64 50
91 78
60 69
69 57
77 75
95 92
91 51
71 54
85 67
100 74
61 77
64 53
53 58
51 83
64 60
66 84
54 69
97 50
64 59
98 92
81 74
75 81
94 51
74 57
79 56
67 61
58 69
97 66
75 96
69 76
75 59
60 89
69 75
95 69
88 76
82 91
63 61
100 100
80 68
67 81
63 81
58 58
91 81
76 69
84 51
98 52
74 51
66 55
95 70
57 50
78 96
79 68
87 92
51 87
81 62
80 80
50 62
55 97
74 65
63 63
100 85
96 70
66 70
100 77
89 94
53 73
94 52
92 71
83 71
82 92
80 62
98 63
52 88
98 50
93 58
73 93
78 96
76 52
66 92
75 71
90 91
89 54
84 66
92 96
55 66
51 83
82 50
93 91
80 80
50 74
88 75
82 69
73 85
67 90
97 68
77 51
54 83
97 58
87 61
62 77
82 61
50 77
53 88
70 58
85 53
79 86
60 75
65 55
68 73
97 84
87 58
53 58
58 64
57 67
88 78
51 69
96 87
95 52
70 59
65 98
73 54
89 82
97 98
70 63
52 76
84 62
68 66
85 90
63 62
55 68
83 81
97 94
50 77
85 88
70 75
66 56
96 51
77 90
55 80
85 67
86 78
70 50
100 91
65 91
88 51
77 99
85 97
63 57
62 63
99 71
50 87
78 97
60 62
64 78
51 66
56 98
71 80
75 73
59 73
83 85
76 72
89 69
69 84
56 74
71 86
96 62
77 57
95 55
93 72
75 86
96 71
62 99
94 61
70 54
58 67
79 75
81 53
76 100
61 77
55 59
80 65
74 50
100 71
81 73
65 58
74 68
85 86
68 52
52 75
64 73
74 91
98 68
56 55
71 54
59 73
80 61
60 76
53 95
74 54
71 88
64 75
99 64
92 99
75 85
97 67
75 77
72 86
74 92
57 63
98 88
76 62
80 71
87 52
73 94
83 61
79 69
61 83
51 88
58 64
91 70
85 83
92 81
67 85
70 84
84 69
95 78
57 67
62 75
86 82
97 66
66 88
92 55
95 79
87 100
82 75
85 81
78 85
63 73
74 64
81 93
60 74
89 99
90 90
74 94
65 94
88 72
66 83
73 63
81 85
72 85
85 80
53 62
90 100
99 81
85 59
57 90
60 80
63 50
69 71
85 97
84 67
84 56
86 81
86 95
50 90
90 50
51 88
65 58
66 87
65 55
91 63
75 89
88 68
94 89
66 76
51 58
58 63
59 57
96 70
73 57
99 93
53 54
76 69
56 59
64 78
72 52
61 90
83 79
50 99
82 73
62 54
83 72
97 94
62 96
89 62
84 88
83 71
71 52
67 82
94 56
66 84
95 52
94 56
75 57
90 64
98 61
75 78
54 73
82 56
85 53
75 77
71 57
50 79
77 88
78 68
55 73
79 60
84 88
86 96
85 100
54 80
74 58
68 51
50 68
84 86
94 97
58 54
94 100
68 95
52 61
62 83
95 54
56 79
69 67
61 98
71 84
54 94
74 62
67 95
68 73
80 73
98 71
94 84
81 62
57 61
63 98
66 94
56 93
842 38 554
66 72
68 60
61 84
79 86
87 98
64 93
68 57
83 58
52 76
97 71
66 55
95 58
51 68
70 79
77 65
50 54
72 100
50 61
51 84
96 66
87 68
100 80
95 83
89 95
96 55
65 88
83 65
93 85
69 93
68 58
97 100
76 62
65 83
60 76
67 75
54 90
96 85
89 58
94 82
78 73
79 50
89 56
88 63
89 64
89 58
81 79
95 54
98 74
74 65
97 50
66 76
53 75
53 78
92 66
68 96
58 68
66 54
73 97
77 89
56 92
71 86
91 68
62 67
95 93
69 54
70 55
77 64
71 94
72 92
70 95
79 90
52 71
52 75
86 80
92 66
81 67
92 69
63 60
80 81
74 54
79 70
69 54
79 90
61 75
93 64
71 83
79 100
57 90
60 83
83 75
60 86
87 55
53 81
74 78
74 85
70 70
84 87
50 64
84 51
53 82
96 79
57 72
78 78
58 64
56 98
65 88
80 55
94 66
58 57
64 91
99 83
75 69
100 56
71 97
94 100
75 57
86 62
87 89
78 91
73 89
63 65
53 85
63 55
93 99
65 97
78 67
55 95
57 68
93 93
87 67
65 74
79 51
85 86
84 99
85 92
56 62
83 72
86 99
72 62
98 63
72 63
99 69
83 51
90 94
60 66
82 69
69 74
93 55
97 54
74 83
97 73
98 85
52 82
56 88
65 89
79 66
81 79
54 76
87 57
82 80
74 92
76 93
82 52
99 62
88 78
59 82
59 82
98 83
55 100
58 58
72 100
55 96
72 73
99 63
80 91
51 53
96 75
50 77
76 61
95 52
91 53
73 89
81 56
73 68
76 64
82 60
55 56
71 65
89 78
67 90
50 70
75 51
63 97
77 75
50 75
70 91
80 60
82 75
82 82
69 59
83 64
58 70
58 53
70 92
93 59
61 70
65 62
89 52
92 73
67 91
58 66
77 83
86 58
70 61
92 73
90 96
73 76
91 98
69 54
63 97
100 88
71 60
58 77
98 90
80 51
84 95
78 71
62 67
51 76
93 78
90 73
51 52
95 52
90 61
87 96
67 78
70 83
65 96
90 54
73 80
97 63
90 89
51 57
61 90
77 95
100 94
95 99
84 94
100 91
60 73
73 72
54 76
90 100
76 100
68 58
89 72
95 62
60 83
69 77
68 72
76 75
50 65
65 93
59 53
70 98
75 82
59 100
52 96
71 76
74 86
86 92
86 79
68 65
50 52
94 82
57 99
88 83
62 52
78 53
58 91
51 87
72 85
52 63
55 50
90 74
92 90
66 100
52 93
67 62
57 95
73 57
93 61
82 95
91 61
50 82
100 94
53 100
78 64
84 75
100 58
98 98
61 73
86 82
63 80
59 54
76 52
58 58
69 92
76 75
58 54
55 62
77 57
100 95
81 87
55 59
86 64
67 62
87 61
69 85
66 96
61 52
91 66
87 85
88 62
84 59
89 73
54 95
55 93
73 94
71 77
55 60
54 61
66 80
83 70
70 88
81 97
71 83
54 80
64 78
83 70
76 80
51 66
92 79
77 65
71 50
90 67
58 66
98 100
57 90
92 94
98 86
85 61
82 92
96 68
93 53
98 54
76 54
67 78
88 70
82 51
68 53
92 56
77 83
98 50
76 88
67 53
67 73
80 77
53 86
80 91
56 69
57 74
85 67
72 81
66 82
55 81
77 90
90 77
80 92
74 86
67 66
74 91
92 51
75 75
83 78
65 58
99 73
96 98
86 68
82 88
88 99
81 87
81 66
58 87
95 90
64 92
80 78
60 73
51 75
76 93
55 93
83 70
74 57
60 62
86 69
79 85
60 78
70 91
99 100
72 72
76 85
77 94
82 90
96 98
59 99
58 95
65 86
60 88
97 53
83 95
77 82
100 67
54 79
73 53
77 93
90 58
59 58
99 84
64 90
67 78
58 94
72 55
61 51
57 99
94 94
74 73
94 72
64 70
99 91
63 66
90 57
78 80
85 67
65 64
83 54
97 99
56 100
56 88
67 54
71 59
52 85
96 67
78 78
69 91
97 89
95 88
98 93
91 78
83 59
69 73
98 77
53 67
94 94
72 79
78 95
79 91
65 83
54 95
52 58
52 76
91 58
70 53
84 72
52 91
56 55
74 65
60 88
97 53
87 78
70 61
61 80
59 50
77 98
76 58
84 61
86 73
56 58
93 73
57 95
62 66
74 56
86 85
63 54
97 71
83 85
79 99
92 74
66 92
98 76
72 56
69 89
77 75
74 65
80 95
53 54
68 62
74 82
57 86
66 90
74 79
67 71
97 91
71 73
87 56
59 50
65 79
85 81
66 50
63 58
97 64
60 57
80 100
77 97
84 65
59 92
84 91
94 96
99 95
50 87
65 50
71 71
71 87
100 73
89 63
63 84
59 97
57 68
50 81
76 83
100 81
96 84
68 57
96 66
94 76
96 85
68 88
54 90
74 83
94 65
72 65
93 60
70 74
70 85
90 73
52 100
60 67
62 100
76 52
54 86
70 86
85 57
88 81
66 63
50 92
86 52
62 85
63 76
93 74
76 67
73 69
88 71
52 85
77 80
54 84
84 81
50 59
87 66
56 81
61 54
72 97
67 71
76 69
55 53
93 62
80 76
68 96
96 76
92 86
99 71
74 77
97 100
94 62
86 81
51 87
96 84
99 57
79 99
89 95
94 77
93 75
64 84
59 96
91 66
70 63
98 94
51 85
66 69
87 74
96 59
55 88
78 99
79 71
96 51
64 89
92 54
99 54
58 62
77 62
94 56
54 91
70 72
52 68
61 85
84 56
75 87
99 73
60 64
85 67
68 70
93 84
93 89
90 78
75 79
54 80
51 77
59 76
82 63
81 93
59 77
52 98
91 70
58 71
94 87
65 88
54 65
75 63
59 72
90 70
69 81
59 51
72 52
96 90
76 60
72 92
75 65
50 98
80 62
70 87
61 66
99 83
96 58
60 56
94 56
93 67
91 79
62 82
62 95
52 63
61 80
99 67
81 96
65 72
58 64
66 71
82 72
68 73
51 78
74 55
90 85
67 60
74 60
97 99
61 53
94 89
75 97
92 85
93 99
82 100
57 66
74 83
62 84
56 58
74 60
86 71
91 87
82 98
58 57
52 87
74 73
89 50
80 56
66 83
85 89
79 66
93 71
69 70
59 83
93 75
98 97
55 99
73 65
76 59
70 52
79 79
53 82
80 92
83 75
61 52
56 96
63 68
88 60
78 69
67 69
79 56
93 64
90 87
71 95
60 92
99 76
57 92
72 92
61 79
82 96
62 83
52 52
65 85
74 82
69 66
56 93
54 56
65 93
82 98
55 82
58 64
74 79
53 74
61 93
54 83
98 84
54 56
73 71
78 66
83 68
83 67
51 59
53 58
89 86
63 93
86 52
60 52
91 98
96 77
56 77
55 50
72 83
96 64
65 83
83 64
82 66
70 94
100 63
56 97
86 51
81 66
75 83
50 55
76 87
64 81
89 73
95 76
81 91
51 84
71 66
70 73
60 61
96 52
55 54
71 81
72 50
58 64
57 70
52 66
93 72
72 57
95 74
85 53
91 92
59 55
58 100
58 98
55 97
54 95
71 64
84 88
90 92
100 91
88 99
68 68
52 51
55 79
96 95
60 88
99 76
67 69
52 99
71 74
65 76
81 72
82 64
83 79
89 59
96 72
53 95
85 93
80 83
80 50
91 67
66 58
67 88
69 64
75 91
55 57
98 91
62 70
59 92
73 76
55 81
84 58
64 53
70 52
84 72
62 51
976 584 752
63 79
93 59
88 83
77 89
62 54
79 60
73 93
81 90
63 77
64 90
99 73
100 59
82 90
77 50
86 55
54 88
60 58
89 80
84 73
73 96
89 81
56 100
71 51
63 63
70 60
91 77
97 74
75 81
65 92
86 90
94 65
99 59
74 55
67 77
89 51
85 69
65 59
59 76
52 92
99 66
57 94
84 76
84 58
59 100
67 52
81 67
93 90
86 89
80 67
89 50
59 80
67 87
68 53
51 80
82 95
68 99
85 80
93 64
78 97
79 99
58 99
76 77
81 86
74 58
53 93
77 94
62 78
78 79
94 76
91 98
63 71
67 59
63 66
67 63
92 57
99 87
54 83
81 78
85 53
98 51
71 94
76 74
51 95
97 100
67 73
100 66
78 86
100 94
69 53
80 94
92 97
76 80
69 50
50 68
95 88
96 89
94 76
75 95
78 95
95 50
95 91
55 74
68 51
52 67
77 60
78 92
55 63
79 81
80 64
82 51
100 66
76 80
78 95
96 68
50 68
91 86
89 59
85 74
79 92
64 92
68 57
100 61
59 80
60 70
82 94
63 50
89 88
72 84
63 81
62 58
55 98
75 68
94 83
85 87
94 70
74 63
66 61
63 76
54 72
87 55
56 53
64 98
55 77
94 79
64 76
57 98
51 96
59 85
51 94
98 76
67 79
69 61
63 76
58 58
97 83
82 86
67 84
95 93
62 91
60 85
80 89
69 71
78 91
81 50
71 86
72 78
58 50
63 97
89 94
86 62
99 55
52 74
57 94
99 55
86 98
72 62
91 92
50 71
88 94
51 63
76 61
86 74
97 98
91 92
58 82
71 85
51 87
62 100
94 58
97 74
100 76
66 58
100 93
86 83
81 83
91 85
53 61
73 53
92 73
83 70
82 61
72 90
51 66
88 75
92 64
74 54
79 57
83 96
64 60
92 84
94 55
58 83
94 75
78 69
68 78
76 83
54 96
72 54
52 80
54 78
94 70
85 73
100 92
93 71
95 87
99 91
70 82
88 51
52 75
74 87
91 84
84 88
94 60
81 80
51 87
75 73
64 86
64 83
65 70
87 87
60 60
95 80
89 56
73 89
72 67
87 94
66 51
83 58
87 99
81 64
81 59
81 65
59 57
60 60
63 85
58 92
77 52
80 99
57 59
56 76
87 57
58 91
63 65
86 63
70 51
80 68
98 78
91 68
69 92
83 73
56 94
98 56
60 64
61 60
62 53
71 62
100 82
82 66
94 56
91 73
82 95
62 95
50 54
69 64
59 89
100 84
65 61
94 58
72 57
77 77
98 81
90 92
99 58
82 73
63 74
84 50
83 59
53 76
97 61
70 66
90 90
60 81
85 94
64 91
100 51
61 86
91 71
86 55
85 57
96 95
78 89
65 63
56 67
92 56
96 76
78 86
74 66
83 75
75 52
59 100
67 99
83 89
53 96
92 63
88 75
94 67
63 66
57 54
87 60
79 65
92 99
61 90
66 50
91 72
97 94
54 95
92 62
76 74
95 61
53 72
76 75
89 65
61 84
87 95
52 58
88 88
77 94
75 99
79 52
51 51
100 100
70 65
72 61
69 92
98 70
78 90
53 60
80 84
64 87
98 90
68 52
64 60
73 94
96 76
91 84
56 91
56 59
74 99
71 97
96 97
88 69
95 77
82 86
97 77
84 55
82 88
69 73
56 61
63 79
62 63
51 98
63 86
91 92
90 63
83 53
68 60
61 55
79 91
62 70
89 74
88 77
78 79
100 93
95 83
84 56
70 97
83 97
61 64
55 57
79 50
66 67
96 62
58 56
72 50
89 77
56 65
100 76
66 71
83 87
93 56
64 96
69 89
99 74
59 80
50 96
77 92
79 87
62 81
58 64
90 99
90 64
81 64
65 55
50 54
64 83
54 59
78 64
84 54
51 76
54 80
85 76
58 94
78 80
82 61
53 71
95 81
51 58
61 87
52 65
60 85
94 57
89 73
75 82
91 53
99 98
74 64
65 72
78 61
79 97
93 81
91 86
60 75
91 61
79 88
71 81
62 52
78 56
95 53
53 63
51 75
71 89
86 66
53 96
77 64
87 77
55 82
63 78
64 74
87 65
96 55
87 61
73 57
74 79
60 66
77 86
54 82
63 84
91 89
51 58
100 96
61 57
85 60
62 100
79 91
99 79
53 51
74 81
69 81
77 92
85 68
65 92
75 62
95 96
72 76
57 70
85 78
65 58
50 81
53 65
58 85
58 57
86 90
66 92
74 50
88 74
56 63
57 56
96 93
96 75
51 51
66 75
76 79
50 77
92 80
76 53
55 88
90 88
71 82
65 50
95 79
97 94
82 67
98 78
97 91
71 91
54 81
99 96
95 78
59 55
78 87
74 70
100 65
84 52
84 52
68 90
81 73
66 84
52 53
64 55
65 92
84 84
55 58
55 80
56 52
79 90
63 59
57 53
78 72
90 100
54 74
74 85
94 62
63 100
71 89
64 95
70 51
63 85
71 99
95 59
93 81
66 67
56 53
73 99
63 63
68 50
64 93
60 53
94 72
67 67
61 80
63 97
68 77
57 87
83 83
54 56
80 50
75 60
91 50
80 61
73 73
98 53
54 76
99 71
77 97
94 86
74 60
68 88
62 56
73 81
99 100
55 72
57 54
80 63
85 95
52 98
69 87
98 50
82 94
77 50
61 83
78 73
68 90
86 67
97 58
59 89
76 91
65 72
78 68
92 57
97 69
61 52
88 80
62 95
94 96
57 92
94 94
90 58
56 96
94 68
65 83
67 99
94 66
89 89
82 64
79 52
77 58
96 69
53 87
77 90
78 53
55 60
59 94
92 56
68 71
77 89
66 85
74 65
55 89
67 90
94 76
71 67
50 52
66 98
71 91
94 54
89 72
56 56
66 78
87 84
84 54
69 52
94 94
67 95
80 100
91 83
84 84
50 87
52 78
56 71
89 59
95 76
57 91
58 80
69 66
56 85
55 92
93 50
82 82
85 80
63 89
52 78
97 50
69 81
100 65
75 58
100 81
91 93
68 99
51 76
96 64
62 80
83 53
92 85
99 89
66 93
76 78
98 67
80 95
95 55
90 100
58 96
51 52
51 67
81 62
72 80
80 96
77 79
56 87
69 97
52 81
66 50
58 91
81 57
84 97
59 73
76 100
96 64
54 81
82 75
100 60
100 72
99 64
84 87
54 58
81 59
91 99
72 59
51 99
88 84
53 61
57 67
60 51
72 68
91 85
51 90
87 59
76 67
77 96
66 50
68 92
99 82
80 60
86 98
80 61
82 59
93 75
69 83
71 81
84 67
50 92
82 92
75 58
62 94
80 75
69 87
94 94
66 58
61 66
93 63
73 98
67 99
100 87
97 60
67 66
86 79
73 96
80 96
94 93
71 100
99 99
87 76
68 75
57 98
86 93
75 87
56 89
55 61
100 80
86 71
70 50
62 69
52 58
69 64
93 80
62 70
66 72
76 59
95 88
72 66
76 95
84 96
95 55
86 89
52 76
67 88
64 62
53 84
84 80
90 88
66 66
62 67
83 71
57 67
96 100
82 59
55 64
71 55
69 75
89 73
57 70
57 75
71 91
63 97
87 72
56 51
78 89
100 99
53 97
53 94
100 91
92 60
65 51
92 77
54 65
74 91
56 65
82 74
97 95
76 75
96 74
51 59
88 65
89 76
57 70
71 57
88 99
93 57
61 74
63 69
96 84
89 52
98 88
84 66
91 80
61 80
81 100
89 89
55 78
78 95
56 95
53 81
67 95
76 71
66 85
51 72
95 83
61 59
67 75
73 81
84 53
89 96
65 93
93 81
76 91
66 96
65 85
85 52
51 86
91 68
71 65
51 59
86 56
79 59
84 71
77 69
64 78
50 90
60 50
93 54
69 86
57 87
84 99
86 57
96 66
53 51
71 85
86 99
53 54
55 70
54 86
86 74
92 64
73 51
95 68
88 91
91 100
84 53
79 70
60 97
96 86
88 51
92 100
78 65
97 78
73 82
95 77
93 78
55 56
64 70
69 52
60 60
65 68
84 96
97 83
50 78
56 72
57 83
55 74
90 51
70 88
76 50
89 71
88 75
86 58
77 96
51 88
91 60
55 71
72 68
50 56
51 68
60 74
93 73
70 51
50 86
84 100
96 77
78 75
67 96
75 86
64 84
99 71
95 68
59 68
52 66
82 97
76 60
82 60
74 59
94 76
88 79
79 55
91 86
82 51
99 52
78 91
50 94
64 63
74 91
81 61
78 83
94 65
57 65
93 71
50 60
55 86
76 61
53 93
90 89
96 77
100 88
73 98
95 63
81 84
71 58
90 78
83 85
85 53
98 61
53 51
71 100
63 92
75 65
51 99
59 50
55 96
843 485 534
78 97
64 90
54 60
99 76
99 55
100 85
99 59
63 88
98 66
91 66
70 86
78 76
88 65
71 65
82 58
59 60
96 81
75 50
93 99
54 67
67 64
72 66
57 87
59 94
86 60
50 98
63 75
81 80
80 100
59 61
72 58
80 60
52 58
82 79
73 68
50 92
56 56
69 73
80 51
92 55
79 94
99 52
62 75
77 67
98 77
53 59
94 67
67 65
84 73
91 63
89 68
98 64
68 84
75 55
84 68
58 90
50 93
61 57
88 97
89 77
80 85
97 90
76 88
76 63
90 81
57 55
83 88
85 69
96 54
97 51
52 80
79 89
83 71
71 64
99 73
69 56
66 94
70 88
88 91
73 89
93 60
88 89
87 59
57 84
71 74
96 97
84 100
50 68
92 80
76 70
65 78
84 52
95 99
84 86
100 71
75 67
59 50
54 69
93 53
69 95
90 76
98 55
93 60
52 88
52 80
56 61
67 52
59 89
56 52
74 70
64 82
95 92
92 84
80 100
93 81
50 67
70 89
71 76
72 80
51 57
82 89
51 60
92 73
96 73
78 73
72 63
74 81
90 53
58 81
54 89
79 58
74 89
87 82
85 58
64 92
56 63
77 82
68 92
76 79
61 71
100 80
90 94
84 90
83 80
55 91
53 79
94 84
58 78
92 94
88 83
62 67
59 77
65 60
92 91
87 73
98 62
73 54
89 79
100 51
50 100
71 78
58 59
66 93
62 73
90 74
93 87
67 59
52 83
69 59
74 59
80 55
83 52
73 79
68 87
72 85
66 70
98 50
92 80
92 89
73 78
59 84
98 57
90 90
96 64
52 65
51 76
90 50
57 97
99 74
81 68
78 53
85 84
60 66
84 85
51 64
85 53
91 66
54 72
85 76
96 59
72 58
85 73
67 86
62 100
65 62
85 90
97 81
85 79
52 50
58 95
89 99
95 66
55 91
81 75
91 85
79 56
78 79
66 53
100 84
80 84
89 62
98 67
100 95
72 71
93 59
79 88
73 99
72 71
85 94
80 72
74 85
58 81
56 51
77 98
79 98
60 62
52 61
70 73
83 84
54 55
93 70
87 87
98 81
54 86
83 52
85 65
78 64
60 68
82 87
67 55
76 78
60 78
64 96
91 80
81 56
61 51
51 91
81 72
93 76
68 87
50 58
90 55
65 83
95 61
62 79
50 85
84 80
52 60
92 55
62 92
54 65
80 77
64 89
97 89
64 50
93 98
77 83
61 68
94 55
53 70
57 75
74 59
56 51
83 57
96 59
85 98
52 52
89 78
62 64
50 58
72 72
60 67
63 59
86 81
94 100
97 95
74 98
89 60
69 76
72 63
92 76
95 66
61 60
64 55
58 72
87 61
50 83
68 60
89 79
81 73
68 59
56 54
87 80
58 81
64 91
58 76
91 97
50 56
60 78
54 61
81 69
86 81
62 89
80 80
88 98
98 80
93 76
80 66
83 98
62 68
95 82
58 65
78 70
93 95
81 94
83 64
64 93
76 80
66 66
92 87
92 96
66 64
80 95
88 64
98 50
79 76
86 58
61 70
95 73
89 70
82 80
56 93
75 88
70 54
55 55
73 61
61 63
61 53
56 94
74 79
69 84
61 56
78 68
57 72
56 98
74 71
94 50
91 69
67 88
51 57
55 68
54 85
96 72
79 61
83 88
87 76
82 61
70 54
87 82
79 68
60 96
84 72
99 68
86 85
53 93
50 53
76 64
77 76
90 66
63 95
60 97
52 70
100 94
77 71
89 57
77 89
74 95
92 91
76 63
63 55
50 60
64 56
86 67
89 73
82 97
80 80
100 60
57 95
67 62
52 64
72 89
99 79
78 65
53 77
83 61
79 77
75 93
83 77
66 60
75 82
62 89
63 80
98 66
85 64
81 92
72 97
56 97
72 65
84 63
71 67
50 86
96 68
63 57
92 67
93 93
76 58
83 56
60 69
58 97
59 95
69 66
72 55
81 60
80 69
63 97
94 85
94 100
75 75
95 83
72 81
80 78
60 51
66 87
78 50
79 87
79 99
91 72
59 95
98 52
54 85
51 57
79 80
61 98
97 61
55 84
83 65
51 89
89 71
56 54
71 86
66 87
88 92
85 51
53 76
97 77
57 97
99 69
76 59
52 92
84 85
53 79
94 61
64 96
51 84
64 50
86 86
93 52
64 60
87 63
69 57
58 98
68 84
55 61
79 53
67 63
64 63
85 89
64 99
100 66
98 77
56 65
67 55
93 78
90 65
55 89
56 72
66 76
81 71
72 72
52 56
75 72
90 93
87 88
95 86
66 63
97 88
54 65
75 98
51 72
59 70
50 85
83 80
86 74
99 67
71 55
97 76
65 98
82 51
73 63
94 97
77 59
83 99
84 60
51 96
76 85
73 85
80 60
84 100
94 69
78 95
84 74
95 79
56 83
58 94
53 70
90 68
53 70
54 82
74 80
52 100
88 61
56 56
91 74
63 50
87 89
54 77
69 72
50 56
58 50
89 52
64 63
85 66
80 88
56 69
51 73
99 83
94 81
51 83
51 75
81 61
54 61
62 61
99 60
77 57
54 66
89 70
57 60
88 83
78 77
55 93
53 98
90 52
88 93
70 91
95 60
80 52
68 93
99 98
97 61
85 88
75 64
84 59
50 92
100 96
91 97
87 95
95 61
61 56
59 99
100 81
75 95
60 95
94 87
75 67
80 80
54 75
68 51
64 92
72 92
93 95
97 64
95 92
98 58
84 99
62 73
56 60
80 59
86 100
95 66
77 59
81 66
64 55
89 69
78 73
92 68
53 83
70 69
87 58
92 83
81 93
90 78
67 85
52 95
55 76
99 87
74 51
64 93
84 64
91 57
69 87
82 75
68 80
96 96
91 68
57 95
52 89
57 50
78 73
99 83
99 86
57 89
86 54
74 61
66 79
74 80
79 53
93 75
56 81
95 68
92 94
98 97
97 78
77 61
73 54
66 82
71 90
76 88
62 51
95 75
73 55
87 53
77 62
91 66
54 92
93 51
63 51
92 95
84 52
58 64
53 51
82 75
94 63
99 83
86 71
86 100
91 77
72 87
66 97
50 62
80 70
65 81
90 79
88 92
52 64
55 87
87 68
85 94
62 59
54 54
85 58
61 100
89 63
64 63
72 83
90 97
55 76
78 58
83 58
55 90
58 100
90 70
85 89
53 86
59 52
70 55
60 85
55 86
50 56
70 99
85 98
57 64
85 72
92 63
58 88
71 92
50 78
65 57
58 54
55 58
65 63
84 57
80 59
70 50
55 63
58 87
58 61
81 52
87 50
90 88
88 75
87 74
67 70
70 75
77 51
53 66
65 81
70 100
80 57
60 72
77 59
96 80
75 74
66 60
67 67
91 58
85 62
68 81
100 86
96 94
55 64
55 86
75 97
63 56
88 65
75 74
58 68
90 61
56 90
52 80
84 94
50 88
60 86
58 99
63 56
90 88
72 53
64 86
85 84
66 96
53 99
81 56
70 92
75 64
82 57
79 79
57 54
81 54
87 56
70 53
61 63
79 53
90 65
89 68
88 55
56 51
84 52
89 63
53 87
89 71
88 93
81 50
67 77
58 59
96 55
56 57
57 80
84 98
61 72
66 50
100 97
59 66
83 60
54 90
79 56
100 73
80 83
89 65
86 86
54 70
83 81
58 67
97 70
87 83
90 73
53 82
88 97
61 72
92 67
86 78
65 85
76 81
72 91
57 92
72 93
97 92
78 51
89 70
64 50
92 67
57 84
51 88
51 61
62 89
749 611 708
98 95
58 67
85 57
59 89
86 83
80 89
82 79
55 51
50 95
75 75
93 87
67 57
86 81
81 69
63 61
54 55
98 89
95 54
79 99
82 59
99 89
73 96
57 83
73 92
60 86
77 87
88 57
77 53
71 66
81 92
63 68
85 68
100 54
73 87
67 62
99 80
66 62
64 60
87 100
82 69
71 83
71 59
61 83
94 66
97 98
53 91
58 95
73 53
94 82
84 100
69 94
53 65
76 83
83 88
93 65
89 78
64 95
60 70
83 63
76 81
64 82
63 63
82 78
65 58
67 60
79 80
67 99
68 93
82 87
83 60
90 65
81 53
53 60
69 60
76 83
67 68
80 55
78 64
93 96
64 74
72 74
59 87
85 52
92 83
62 92
65 60
54 86
53 55
58 65
72 100
58 54
72 100
83 94
58 94
67 77
72 72
74 52
85 84
60 98
55 85
77 81
85 62
76 67
73 83
89 91
93 69
54 89
84 56
90 73
58 98
68 58
57 98
71 81
97 83
96 90
92 94
52 62
56 71
77 86
99 70
63 98
63 66
62 53
94 82
68 78
50 61
81 60
91 62
85 53
60 76
73 63
65 97
100 89
94 67
77 62
89 54
67 76
61 99
63 56
56 72
70 86
76 82
100 53
78 69
92 56
94 84
81 74
96 73
83 62
78 88
77 51
57 93
87 90
71 61
57 97
51 97
60 76
52 66
77 75
93 55
72 59
87 60
75 52
91 94
50 90
67 59
61 100
82 79
81 98
86 73
71 80
65 67
67 54
56 89
88 81
79 61
56 98
84 73
55 83
96 90
61 75
62 80
78 57
89 62
51 51
76 88
70 95
71 80
96 66
61 66
94 59
85 80
62 61
84 98
70 74
75 66
83 99
54 73
58 50
55 63
76 67
52 83
68 93
93 57
51 78
76 61
70 50
95 66
99 62
61 63
97 95
89 89
51 57
68 86
98 71
57 72
54 55
87 55
62 86
76 88
96 50
89 89
99 97
52 83
86 65
69 85
73 86
68 81
55 82
90 74
83 52
63 81
51 98
59 95
57 65
79 82
84 88
91 59
81 84
96 65
71 62
56 92
90 57
65 53
52 65
59 64
74 54
69 54
81 55
88 50
68 77
73 77
67 82
96 82
89 60
72 59
75 81
94 94
51 52
72 60
89 93
99 53
72 93
84 72
65 97
59 59
97 85
97 50
94 70
76 98
80 76
72 85
91 86
61 62
71 58
100 88
66 75
72 76
92 67
85 59
62 86
51 90
51 92
86 63
73 89
89 72
96 69
60 85
67 86
83 84
54 63
95 52
50 88
66 69
82 93
64 53
68 73
93 80
91 91
72 83
52 53
94 67
70 88
55 53
99 90
62 55
77 91
100 80
72 93
96 67
69 89
54 90
85 87
74 70
66 74
79 58
91 85
74 52
60 57
74 62
83 99
56 50
97 82
84 64
99 96
87 83
90 73
77 56
81 95
71 84
71 77
86 71
95 54
93 60
54 97
96 87
72 99
98 66
77 54
74 94
87 58
54 85
66 79
51 85
76 53
85 78
66 54
82 79
85 58
74 63
87 62
74 78
92 83
96 96
59 88
88 74
59 83
58 96
61 62
58 88
71 99
100 73
80 76
58 73
100 84
90 100
77 86
85 72
96 80
50 83
55 52
60 55
57 98
78 56
58 95
98 67
86 77
79 72
90 61
69 63
97 86
60 60
81 98
68 96
84 85
76 61
58 85
87 75
84 98
57 68
61 60
89 55
71 52
100 60
66 100
69 89
68 81
74 92
68 66
93 94
85 89
53 65
53 88
88 85
52 100
95 58
68 96
76 96
81 88
65 94
83 63
74 78
52 81
71 78
75 65
55 76
61 62
94 72
75 88
95 99
73 85
61 68
55 69
94 73
85 90
80 52
94 62
91 84
90 54
53 90
62 62
83 71
71 96
79 86
89 74
83 69
95 75
94 85
89 71
95 58
66 76
69 100
100 70
91 98
55 91
63 67
52 86
64 57
56 88
68 66
65 70
75 59
74 84
98 87
55 91
97 83
51 74
99 83
62 86
70 64
77 72
76 71
96 91
94 83
79 78
76 61
84 99
53 55
52 52
51 71
96 77
70 79
100 57
74 71
67 56
53 68
86 56
50 97
98 70
81 52
75 76
80 96
81 61
95 50
70 95
72 65
65 57
92 56
99 50
76 71
92 94
64 62
76 97
73 65
90 51
80 89
65 55
61 67
93 85
56 91
53 67
53 62
91 76
52 66
75 70
69 99
70 76
73 82
70 82
73 91
67 59
76 78
66 75
62 57
86 88
59 57
86 53
50 78
70 69
76 66
60 58
98 73
62 63
65 92
58 55
69 53
89 58
62 74
68 61
63 81
93 68
90 77
74 76
96 78
86 95
89 78
97 89
81 98
76 82
79 50
67 89
85 91
86 54
57 69
76 85
57 67
56 88
56 74
82 56
88 84
70 50
98 52
93 81
93 68
53 56
50 62
51 92
83 63
59 100
86 62
82 54
59 85
50 66
55 67
96 54
86 78
64 73
95 94
67 59
70 69
62 88
57 86
83 94
53 62
50 83
60 51
51 51
96 58
78 55
56 53
84 57
73 58
68 50
61 91
84 90
54 84
77 82
87 92
88 63
59 57
84 57
58 66
55 72
74 57
98 99
79 91
98 94
87 58
100 51
78 91
95 83
56 99
55 68
80 83
55 94
51 93
95 64
73 72
84 64
50 91
98 98
55 90
71 53
69 61
92 86
65 82
69 53
83 71
83 62
87 80
86 55
86 98
89 71
88 76
89 73
73 80
59 59
52 64
99 62
83 55
74 74
88 99
76 72
84 86
85 82
62 53
92 74
59 91
50 51
55 52
76 91
72 66
52 63
70 61
68 55
52 95
53 60
69 71
98 73
70 91
82 98
58 51
73 91
66 92
78 73
53 53
89 87
65 88
80 96
95 98
98 90
76 90
79 90
56 89
67 56
61 82
53 67
66 85
83 89
65 98
90 93
62 67
53 55
98 100
66 77
95 95
80 61
81 81
63 56
70 93
71 53
59 65
77 74
56 70
75 77
68 83
78 61
90 65
100 84
98 52
72 94
89 86
50 55
67 100
70 83
92 100
100 82
64 85
97 79
79 69
69 95
100 64
89 70
97 94
73 80
65 72
59 94
82 55
54 87
69 99
71 76
60 80
55 94
71 97
86 63
64 93
53 100
73 88
50 65
95 91
88 100
58 82
64 79
51 65
68 81
99 70
86 50
88 56
81 54
71 59
76 79
66 100
65 72
91 70
55 61
65 85
89 86
67 82
69 62
86 71
77 56
59 87
55 57
70 60
77 80
99 62
84 57
76 56
99 92
851 184 729
85 67
91 61
83 57
92 59
91 91
86 62
76 94
75 80
55 81
93 92
94 75
91 65
67 51
50 65
75 65
63 50
88 57
100 73
96 85
68 69
97 98
70 78
80 65
72 70
89 74
53 94
58 97
73 93
85 77
55 58
84 88
68 54
63 62
88 66
72 64
98 51
87 78
74 89
52 87
69 92
75 51
57 92
67 68
79 54
59 92
97 84
73 89
80 78
96 70
59 88
67 71
62 71
54 85
71 92
74 73
52 94
82 93
67 91
80 61
92 57
74 80
96 66
88 58
51 52
98 53
71 79
97 52
61 82
50 69
68 96
65 94
80 85
86 54
52 66
63 85
58 68
55 96
69 99
100 92
71 97
63 58
100 67
99 71
96 87
97 98
65 93
68 85
61 60
78 58
75 68
62 93
93 84
66 68
72 51
55 50
78 62
58 66
95 81
75 59
64 84
57 56
52 95
76 53
52 63
58 81
60 52
96 86
74 92
53 100
57 95
61 72
84 77
66 88
61 51
99 81
93 78
64 97
69 80
97 96
67 79
69 100
64 68
50 88
70 54
79 59
54 65
90 81
87 54
51 50
82 58
56 71
60 59
79 57
88 54
69 80
68 85
96 88
84 54
68 100
83 60
67 70
95 84
62 94
64 78
59 50
94 95
56 82
62 81
82 77
79 59
69 55
98 65
60 80
71 52
97 88
56 93
74 85
51 78
57 70
98 75
93 51
96 61
68 99
78 51
69 55
73 52
95 100
100 50
71 94
78 70
71 67
98 53
72 90
79 78
51 84
54 57
69 56
96 97
51 63
66 81
52 87
99 69
83 54
89 95
98 55
66 97
96 95
88 92
94 93
62 66
94 80
60 83
91 89
85 83
81 98
83 72
66 75
58 79
79 50
57 98
86 60
63 53
98 52
55 92
75 97
60 78
71 51
68 75
64 50
67 81
73 64
77 74
70 76
91 53
56 99
89 59
55 62
70 82
74 91
82 93
67 51
82 89
60 74
95 55
66 85
88 64
60 90
91 66
70 73
98 63
97 64
83 57
74 85
68 74
78 92
96 86
66 95
85 98
55 79
98 59
55 94
90 86
58 71
63 99
90 86
74 52
55 69
83 91
57 53
61 50
56 100
62 91
74 74
67 72
76 82
55 89
94 88
62 51
79 94
86 98
76 97
55 54
69 69
77 94
85 89
54 68
88 52
57 54
64 89
93 77
59 69
59 89
81 68
51 100
62 89
52 84
60 67
80 82
94 76
51 95
97 53
72 74
72 87
59 67
52 100
55 75
91 93
85 64
50 52
98 80
100 95
60 51
63 52
94 58
86 74
59 52
52 80
66 86
54 98
68 83
74 57
92 88
72 68
70 75
52 65
90 91
55 81
81 67
90 78
50 74
88 75
54 82
76 95
77 99
81 63
68 58
77 94
56 59
85 100
55 90
56 87
60 95
69 53
81 82
78 76
96 73
93 59
89 60
61 67
73 65
50 55
90 82
70 69
94 84
65 69
94 79
56 84
100 58
51 51
93 60
62 97
82 87
72 82
96 72
73 66
92 85
83 69
93 83
74 84
78 82
50 54
62 91
89 52
73 86
92 70
71 99
87 95
74 87
98 66
61 94
73 92
90 66
85 58
68 53
54 90
88 52
56 83
60 100
57 88
81 90
69 59
79 62
74 70
80 60
94 70
93 65
68 79
98 88
53 100
86 54
98 90
80 96
65 99
69 57
65 75
90 54
62 89
50 71
86 80
76 85
98 95
61 97
97 78
85 60
76 58
59 97
64 98
93 91
90 89
87 68
56 85
80 90
60 57
89 57
65 67
51 63
81 58
99 50
82 77
55 86
70 86
71 68
51 68
100 85
72 59
54 68
91 54
83 92
99 62
94 94
76 60
69 68
52 84
91 83
81 64
77 93
61 59
92 62
96 72
81 50
62 67
67 99
89 55
73 90
68 70
68 60
89 85
60 97
68 70
89 67
51 59
77 95
74 74
55 73
66 50
88 96
95 81
68 89
98 70
62 95
62 74
67 58
78 55
91 91
81 82
100 91
55 76
93 58
80 53
98 92
74 79
90 96
61 68
85 73
52 98
85 86
97 64
74 60
99 80
51 71
60 80
94 76
81 87
85 54
72 90
94 88
72 55
85 77
59 85
67 61
76 90
86 82
60 91
71 99
98 56
57 78
95 97
80 79
59 51
63 55
60 56
74 67
80 51
76 69
93 82
64 51
81 93
64 85
91 69
98 75
96 94
100 77
86 94
88 67
87 70
50 63
93 54
95 51
89 94
95 96
71 67
97 51
60 71
57 90
95 60
83 95
66 79
98 68
99 70
86 84
88 83
86 92
90 83
66 56
74 81
51 61
73 68
79 75
82 59
78 52
52 96
67 71
83 94
57 90
88 76
82 63
94 74
90 58
62 95
98 99
98 53
72 59
84 55
95 60
61 82
92 75
52 92
64 68
57 69
82 79
57 63
57 64
69 65
56 82
52 61
74 53
90 72
53 63
72 64
97 75
98 94
76 81
52 77
67 70
80 66
97 96
62 91
88 59
65 65
66 74
94 79
75 99
89 80
58 71
84 78
98 98
94 51
93 95
60 73
83 87
77 98
66 64
96 53
59 93
88 75
65 98
56 95
57 95
81 58
97 91
73 83
61 91
80 88
78 52
73 83
95 84
100 92
80 68
90 91
91 74
79 59
99 70
64 71
72 67
91 53
76 86
86 98
74 79
80 90
71 63
67 59
97 54
97 61
88 77
98 62
84 96
55 83
78 73
94 83
93 54
96 96
67 98
63 63
59 64
63 58
72 86
67 60
81 88
57 59
91 90
71 57
94 62
65 77
51 83
75 76
62 83
88 83
81 94
76 51
80 55
88 57
94 85
97 78
98 100
82 85
97 55
56 59
84 74
80 70
60 100
81 98
85 88
97 71
93 69
74 89
54 90
83 62
86 87
53 58
81 50
86 82
73 90
56 70
69 52
72 78
67 62
73 73
81 85
86 85
86 89
71 67
57 73
98 52
71 86
98 55
79 97
60 90
67 87
81 57
51 67
93 70
89 55
87 54
65 94
57 85
83 55
93 64
97 79
60 52
70 79
64 100
55 51
87 93
80 50
92 95
59 93
96 70
74 60
82 50
99 97
70 68
58 100
95 82
96 53
81 69
69 58
98 82
88 99
91 61
66 75
62 57
59 68
81 58
74 51
68 80
74 93
80 76
97 62
100 67
71 50
94 63
80 82
90 66
51 93
74 80
85 93
54 96
93 82
83 54
69 72
72 95
65 55
97 79
84 87
85 75
99 91
61 60
59 63
87 63
58 75
95 88
78 86
74 98
67 74
55 76
91 56
86 51
94 56
64 50
61 60
67 52
62 67
66 91
77 73
80 54
91 93
98 62
87 60
76 63
64 58
78 82
54 52
80 66
99 73
94 88
57 56
74 82
83 52
76 85
100 88
50 54
63 81
58 96
68 98
61 80
57 64
98 90
67 64
89 64
81 57
76 66
62 72
94 92
80 80
59 62
61 96
63 97
84 75
55 94
94 60
56 91
72 84
90 56
76 91
73 56
54 97
58 79
94 67
100 78
66 61
70 75
80 95
56 96
82 91
78 56
52 62
77 81
78 95
59 59
74 50
69 99
90 81
94 67
78 58
78 83
52 52
81 75
82 98
67 56
54 89
81 83
70 74
50 67
97 73
80 87
99 76
73 100
68 59
57 94
87 74
71 92
78 88
87 52
64 54
81 79
75 74
77 73
74 69
96 60
66 78
85 85
71 92
54 81
98 84
96 61
61 79
69 62
68 73
72 51
59 79
89 89
681 559 999
86 97
67 99
72 72
50 79
61 93
70 85
84 80
86 73
82 99
60 72
72 76
73 81
98 94
93 55
57 93
94 84
93 84
58 53
94 63
82 61
88 69
82 99
65 74
91 53
92 65
61 84
84 50
98 56
60 67
67 73
81 59
61 82
69 62
50 74
90 59
95 59
84 68
98 54
86 77
87 70
97 80
63 75
69 72
78 50
83 92
56 67
59 96
100 72
50 96
96 82
50 51
63 65
63 72
76 58
77 73
81 84
53 79
77 90
52 99
75 82
53 73
91 71
77 60
98 97
81 63
94 98
83 77
72 58
59 74
78 81
61 77
75 63
91 56
95 52
69 97
69 89
52 76
94 93
95 51
82 87
75 61
76 67
82 81
77 53
90 84
55 96
84 66
90 62
100 59
66 76
78 81
76 76
72 50
65 59
72 99
74 76
78 76
83 88
77 65
62 62
82 52
100 87
93 93
84 52
53 65
59 68
57 88
62 83
78 54
79 68
85 83
58 58
64 78
54 100
69 99
90 64
83 98
75 88
95 53
92 87
95 70
58 70
96 53
52 74
56 99
71 92
73 79
87 74
78 62
96 82
70 52
50 66
75 53
97 58
54 84
69 56
99 87
82 74
88 83
74 86
89 75
90 65
75 61
81 76
67 92
85 65
74 52
96 66
71 80
68 64
93 81
87 98
69 71
89 53
66 91
62 51
61 98
89 81
62 56
85 68
61 91
57 88
56 89
83 91
57 79
61 52
80 52
60 69
59 74
55 54
54 82
74 88
91 61
68 59
99 85
84 88
52 65
67 58
52 84
90 90
86 53
85 75
75 94
89 61
91 85
88 72
51 80
82 71
58 74
68 78
85 56
74 92
98 82
83 60
51 81
91 70
59 83
90 70
100 99
80 66
96 95
61 51
65 86
65 73
83 78
79 80
50 56
54 51
77 98
61 60
86 81
85 64
82 93
100 68
77 59
95 91
92 91
51 74
97 53
91 53
73 63
97 77
97 58
70 62
86 64
76 55
94 85
55 93
91 90
74 79
52 63
100 58
83 91
79 89
72 53
58 80
79 56
61 67
99 78
88 98
98 87
59 67
93 63
50 80
64 83
92 53
63 91
71 83
82 93
95 100
62 76
70 81
85 87
60 63
71 53
80 84
84 84
88 87
69 96
66 75
96 72
98 79
93 63
75 99
92 54
97 69
63 91
70 63
96 97
95 73
56 62
82 64
80 75
80 88
70 84
97 77
68 82
63 81
90 81
60 50
50 94
73 78
77 91
56 88
86 88
94 66
72 82
89 52
94 76
55 54
58 58
67 90
83 89
93 77
69 97
100 56
72 50
56 79
72 100
91 82
53 51
82 56
80 52
71 58
78 67
88 96
81 54
55 75
51 87
69 72
51 87
80 56
100 66
69 79
57 70
69 83
58 88
60 74
67 50
87 100
70 84
82 78
86 65
50 99
98 89
56 87
56 79
78 80
62 66
91 52
91 87
83 97
74 98
94 91
59 83
88 98
100 80
52 64
75 85
54 74
68 88
77 93
59 71
100 91
88 62
93 83
93 89
83 73
61 74
50 75
96 57
98 58
93 64
73 74
86 62
94 55
98 63
96 91
84 61
89 77
82 56
60 73
64 62
55 75
71 82
70 100
53 100
91 59
51 93
93 78
87 88
62 100
92 71
96 80
88 94
69 99
96 85
61 58
55 56
82 66
91 51
92 54
70 86
69 88
63 96
72 50
72 50
82 53
54 53
73 73
68 62
58 76
91 67
88 64
65 89
97 54
58 59
92 92
92 80
89 55
88 53
53 77
70 61
99 66
82 93
76 97
59 65
65 82
51 83
73 51
59 58
65 55
74 100
93 61
54 99
96 75
51 76
70 50
59 72
98 78
95 80
75 79
79 76
77 92
55 97
61 58
90 75
54 72
94 54
70 87
100 54
57 76
60 73
65 62
75 73
90 94
94 72
78 82
71 64
94 74
83 62
64 97
66 55
53 80
63 90
83 53
93 94
55 67
52 56
76 99
93 95
81 94
87 66
81 89
80 62
50 82
58 85
59 66
54 51
52 77
91 84
98 54
54 73
77 80
87 72
57 59
66 52
93 65
58 70
89 99
63 95
71 51
51 54
90 52
74 88
78 85
75 93
65 81
100 78
68 50
77 93
68 51
76 51
68 79
82 82
99 90
60 78
55 84
96 67
60 93
69 51
51 50
62 65
91 90
65 100
93 78
53 53
59 82
89 58
94 56
59 98
92 58
71 81
87 62
97 71
78 68
51 74
59 98
73 97
51 53
83 64
87 98
77 87
90 58
67 86
72 51
72 92
76 53
82 70
52 82
71 57
71 64
70 71
89 63
66 70
78 73
78 54
52 83
54 75
65 57
67 81
53 91
60 64
76 91
76 82
51 98
74 69
92 63
88 78
56 86
83 67
59 88
83 75
74 89
93 53
51 57
82 100
62 86
93 56
65 62
55 90
86 85
80 71
100 78
55 82
52 62
57 53
83 53
80 88
76 77
62 79
89 83
63 72
65 86
63 73
87 76
83 58
55 60
77 60
56 77
93 64
76 55
55 70
87 68
95 61
73 54
54 55
100 99
100 54
87 92
70 75
64 60
59 80
51 50
83 73
87 70
93 82
64 82
59 70
78 62
99 100
94 78
97 60
56 63
75 61
60 89
70 53
71 52
70 69
61 75
65 84
57 87
77 51
83 56
65 83
54 89
63 75
56 99
70 72
57 93
73 61
75 99
59 86
76 63
53 97
69 91
70 50
98 70
92 80
79 99
91 90
58 87
65 51
72 85
86 76
63 52
55 84
57 100
93 73
56 89
66 60
85 61
76 73
53 86
57 70
80 66
69 56
69 72
71 88
70 89
93 84
82 70
50 53
82 52
61 100
54 63
99 95
86 65
90 80
100 95
89 100
89 87
88 93
52 81
79 72
85 88
84 52
58 58
81 50
99 71
55 61
71 52
77 59
78 68
81 72
75 79
68 69
62 59
70 62
86 77
71 77
52 92
60 54
57 78
50 90
84 60
67 90
50 78
75 89
60 92
66 91
614 597 899
62 56
76 95
59 56
89 54
89 50
98 62
96 95
74 60
97 78
60 83
71 52
63 78
56 51
83 81
97 93
100 69
90 65
76 50
53 95
75 73
87 60
63 66
65 94
97 79
80 86
50 59
53 76
95 72
64 66
61 54
73 81
98 61
81 79
85 65
78 66
60 52
67 50
91 78
79 89
82 98
51 95
93 80
51 92
87 68
80 56
65 77
80 90
90 51
93 70
69 61
81 84
91 99
59 78
54 97
74 83
92 78
52 62
100 82
77 59
71 79
76 50
75 93
56 80
78 92
56 78
69 83
65 68
100 88
89 71
95 75
68 74
96 78
74 54
70 92
79 98
98 94
93 78
93 94
85 93
67 91
56 89
50 50
55 82
95 98
85 66
65 93
51 93
84 100
79 57
67 65
83 81
99 92
60 70
86 62
56 53
68 53
52 82
81 53
73 51
56 87
70 67
100 82
72 81
50 94
83 92
82 66
61 93
61 80
79 89
100 59
83 77
66 89
72 61
91 60
68 96
91 83
73 58
96 98
51 58
61 76
54 95
76 85
76 54
97 75
99 94
87 86
61 98
61 71
81 94
67 82
81 64
86 72
76 56
86 97
63 95
52 94
82 65
58 95
93 77
54 97
73 99
78 72
75 54
52 59
59 74
99 86
90 55
80 72
57 54
71 77
56 86
55 93
88 58
65 96
59 91
51 97
63 54
57 82
59 89
88 94
75 68
74 100
62 86
80 99
93 71
84 56
78 60
57 72
86 50
92 78
86 63
52 82
72 64
94 57
95 79
93 97
51 50
82 98
61 74
75 57
82 68
63 91
77 86
69 100
73 74
76 81
60 71
57 91
69 88
96 72
66 53
67 60
75 60
68 84
96 65
62 69
61 67
92 81
80 94
95 82
75 97
100 84
70 88
99 85
52 57
73 51
95 56
74 52
85 99
67 73
89 85
73 63
60 52
73 99
75 55
75 68
67 84
93 85
72 100
56 76
82 53
93 83
76 60
51 87
57 78
81 69
79 58
76 66
71 100
50 61
98 53
75 60
50 91
62 76
56 72
75 96
67 97
93 56
92 71
55 72
84 72
68 54
61 69
98 78
97 81
79 56
90 69
75 94
100 60
99 73
95 87
81 96
51 97
92 94
55 95
92 98
61 58
79 72
58 82
81 62
76 77
50 74
95 87
95 94
58 91
100 100
63 58
67 66
99 78
63 73
65 68
87 82
70 95
81 55
61 89
65 95
98 60
92 89
67 60
93 74
97 67
83 74
92 58
60 93
64 80
58 85
61 83
91 85
54 92
75 69
84 91
70 73
93 97
93 100
60 66
61 82
74 71
78 74
71 82
54 74
80 63
83 88
76 69
52 90
72 83
77 55
96 85
50 50
54 80
76 92
95 70
88 65
73 100
84 92
57 79
81 50
90 73
59 52
100 61
56 67
92 57
71 75
55 90
52 53
60 79
70 56
55 79
100 90
60 60
65 63
97 80
55 81
97 66
88 75
71 85
61 86
64 64
76 80
69 69
76 67
86 78
90 98
63 74
94 50
67 72
71 92
89 65
65 55
62 99
80 81
100 86
51 77
70 84
53 60
75 61
83 80
81 83
99 51
79 73
58 80
78 57
97 83
73 53
60 75
76 96
73 88
60 84
82 84
71 70
67 67
96 90
76 82
92 77
61 85
88 67
53 50
51 82
71 57
100 98
60 83
82 50
68 95
77 84
90 67
87 64
55 98
51 63
88 51
56 56
79 64
55 91
90 97
61 56
68 67
71 62
59 88
94 64
93 73
92 66
55 84
76 50
94 86
69 94
79 77
64 90
99 54
54 87
82 58
81 89
62 53
64 59
93 100
78 74
99 68
54 53
87 99
71 77
75 77
55 94
94 100
63 86
57 59
60 87
69 93
69 85
90 54
61 55
51 95
73 91
85 50
55 71
86 73
70 58
95 59
60 85
100 81
81 92
83 91
90 95
78 50
82 100
98 71
62 62
82 50
94 92
76 76
96 65
63 59
70 64
81 52
76 88
66 50
86 100
96 51
54 60
69 98
60 51
68 75
75 50
100 62
99 89
88 82
94 61
62 93
75 53
61 87
55 75
62 83
71 53
94 52
86 67
66 80
72 98
81 78
83 84
69 56
55 96
56 54
82 72
55 75
62 99
70 67
93 53
80 68
84 59
92 63
92 97
87 76
99 93
96 91
86 51
57 66
63 58
56 52
67 54
56 96
52 98
85 62
85 54
82 56
87 72
93 99
86 55
65 53
99 65
63 72
70 70
88 54
68 70
55 71
75 93
77 80
99 87
93 60
93 54
58 87
82 94
86 55
51 82
87 80
65 68
51 88
99 72
80 52
54 98
50 59
65 95
93 84
53 70
64 59
74 56
73 75
51 53
72 56
75 80
93 81
77 90
75 61
50 52
98 74
58 58
98 56
95 54
77 63
55 78
89 74
72 52
53 88
91 88
100 71
64 66
99 66
97 93
61 51
57 52
93 92
54 51
90 94
77 62
90 96
74 64
71 57
69 65
77 98
93 70
95 57
67 80
66 55
60 65
64 59
53 75
64 70
82 61
77 66
67 100
60 51
77 54
97 58
52 75
73 95
90 77
76 92
99 86
57 71
65 83
89 54
92 61
77 94
82 77
90 52
69 92
99 92
60 90
77 77
82 83
89 67
79 84
66 50
62 69
84 67
80 51
74 53
61 60
60 88
52 95
79 73
88 86
90 54
81 59
78 80
88 80
92 51
99 64
79 60
