1000000000 820674098 10 20
331358794 334648244 118807273
524465437 277699460 357147458
826589175 458279768 72444420
623692382 111154115 861713193
243910599 789508877 998405328
296740133 618812710 562221120
672390040 962559336 827770385
130636048 62964179 842615513
789028179 816867329 154363825
414850665 342288339 54752833
2 156008152
9 162365642
1 1284744
2 54609560
3 171031383
5 49567670
2 55988080
8 12781445
3 18086203
5 58661641
5 133510003
10 9705381
10 67220513
1 6486913
8 41396168
6 80129588
8 27436736
5 11842314
9 38459863
3 167763186
