20 2000
3 19 2 6
5 3 4 7 13 1
3 12 2 5
2 16 2
2 10 3
4 9 15 17 1
3 8 18 2
1 7
2 6 11
1 5
1 9
2 3 14
1 2
1 12
1 6
1 4
2 6 20
1 7
1 1
1 17
21
429
291
182
160
275
147
34
159
121
30
231
50
170
273
432
164
65
125
17
388
161
310
181
326
424
107
361
65
123
98
114
258
325
191
440
121
359
403
90
251
218
67
384
272
301
163
137
62
108
335
166
63
434
165
172
41
371
272
330
296
209
355
42
220
225
353
20
437
59
179
325
226
171
87
199
197
230
242
220
51
332
227
328
95
355
208
321
242
25
367
177
286
166
299
87
2
178
215
91
420
298
134
24
108
285
40
166
36
419
108
90
225
236
207
76
388
322
423
55
176
309
298
66
134
359
424
338
278
255
73
224
369
389
209
395
207
357
220
11
401
151
315
260
412
93
206
278
144
225
320
36
66
323
100
67
213
79
144
68
309
231
275
440
366
97
65
35
156
66
100
130
263
185
352
372
237
290
89
326
325
339
430
163
148
44
230
435
393
318
156
230
316
216
318
203
339
38
390
359
385
59
35
126
318
148
403
142
279
376
227
426
291
234
232
1
402
270
269
340
382
169
331
375
310
373
293
366
219
180
354
194
76
349
27
312
15
323
45
309
242
73
45
371
141
271
317
434
229
325
222
360
249
407
314
252
207
331
64
154
109
104
376
212
151
73
397
347
157
377
52
6
170
186
107
207
162
12
370
340
93
54
174
376
41
239
174
45
40
431
421
365
46
284
141
208
372
227
326
120
26
309
184
128
248
192
88
54
218
127
208
423
180
48
182
118
303
424
325
12
25
62
415
70
26
248
346
393
70
310
6
296
26
319
127
102
3
399
164
245
82
265
129
30
73
359
380
58
47
154
26
100
183
396
26
153
251
79
119
351
115
10
69
44
392
119
377
295
395
255
403
307
311
83
115
290
283
138
197
154
129
82
304
307
427
290
334
187
222
202
149
283
241
264
403
170
135
401
63
226
397
353
8
55
173
136
358
379
260
368
324
196
179
5
272
244
376
366
6
224
376
137
52
63
338
118
116
313
310
277
75
123
267
269
383
225
297
383
32
352
198
239
158
415
335
407
344
21
336
166
361
378
146
312
51
437
20
290
372
73
93
320
150
333
45
397
18
134
182
257
53
101
383
122
114
189
76
101
57
77
112
426
243
64
356
434
128
3
301
329
84
205
211
218
13
297
289
422
66
213
101
401
354
20
22
352
376
224
330
326
360
34
439
326
137
431
248
62
302
185
72
83
250
387
61
366
434
293
93
37
261
92
33
350
5
144
36
407
18
6
238
322
343
272
345
198
153
155
323
243
409
244
401
400
421
276
197
260
388
76
379
261
307
347
140
3
160
354
100
404
261
418
412
232
167
92
224
372
109
416
92
309
71
187
281
160
5
400
140
147
168
292
61
19
299
99
88
276
330
177
410
237
100
228
125
104
247
8
415
189
290
156
425
281
166
363
340
88
145
33
311
377
372
96
400
353
127
81
192
175
221
328
259
343
387
44
332
314
433
296
92
182
76
348
125
116
370
309
319
214
12
50
282
430
432
382
369
215
395
150
200
269
118
115
211
192
136
310
344
375
216
322
114
210
39
10
130
13
207
169
391
67
44
91
314
296
362
2
194
189
146
358
58
385
290
305
365
93
220
191
75
225
172
240
230
368
271
111
260
237
308
376
45
345
2
149
296
343
149
8
45
100
268
306
278
358
300
108
79
60
291
153
438
191
148
196
309
83
327
361
145
386
7
74
265
216
22
272
29
416
410
343
440
18
229
150
109
279
201
83
280
413
37
132
135
292
34
130
76
74
305
180
163
251
76
151
123
262
260
77
175
269
101
28
72
376
156
51
210
182
148
293
125
323
62
47
73
303
202
329
315
133
417
176
259
204
403
247
329
162
109
220
376
167
68
429
387
265
225
408
166
314
344
236
126
5
14
25
79
161
144
117
237
431
154
94
116
208
419
129
179
329
410
272
407
90
196
399
319
237
32
439
333
23
245
387
83
75
288
10
46
3
180
411
228
9
80
196
292
73
198
20
299
31
165
394
136
423
123
142
286
346
414
76
85
194
125
178
280
414
125
425
151
47
375
385
290
170
342
44
80
360
120
302
175
368
156
208
87
108
369
345
437
316
265
219
346
51
280
222
124
282
429
141
96
214
267
365
75
324
87
337
326
413
47
362
32
304
316
423
187
130
236
74
280
199
380
317
7
267
315
267
295
221
103
103
160
417
218
335
38
88
197
106
435
68
139
8
208
358
399
202
300
188
189
287
37
264
90
338
153
120
403
360
21
370
112
382
65
164
421
418
364
47
88
436
300
223
16
30
114
292
106
212
229
396
80
32
439
192
180
312
106
17
242
324
438
117
255
310
35
391
390
226
153
16
135
136
423
418
7
106
193
261
46
283
72
224
309
91
146
348
158
245
2
237
300
129
52
319
409
34
152
171
49
77
193
249
191
88
357
59
176
183
92
110
275
354
419
280
259
115
114
75
438
40
220
288
356
98
399
95
420
83
302
286
299
145
260
299
416
118
137
359
302
196
166
219
89
185
43
264
399
315
271
221
325
221
201
379
154
95
128
13
323
83
110
25
26
388
406
142
293
306
100
313
346
40
281
22
226
192
103
336
26
298
98
146
251
201
319
238
223
118
31
82
351
403
26
60
407
126
193
48
304
278
415
62
73
315
425
187
277
409
2
313
324
48
36
263
342
369
151
140
189
337
187
297
269
394
103
312
416
108
93
332
99
337
123
98
229
215
59
164
417
52
233
145
395
254
220
70
209
238
406
288
342
168
59
410
78
348
181
421
15
366
342
318
103
242
180
373
13
41
249
419
321
165
113
3
220
345
7
347
351
381
58
69
272
193
110
112
338
430
56
225
264
307
369
145
420
187
439
319
273
115
222
16
403
269
169
402
38
118
403
132
359
190
423
322
285
365
142
369
68
370
192
330
178
215
213
156
427
244
14
73
194
357
286
377
52
188
129
173
6
309
250
332
401
236
337
22
122
198
14
85
243
26
155
236
381
289
282
425
203
42
17
24
120
287
8
291
32
426
13
93
318
435
211
148
219
376
281
195
120
225
26
30
82
298
291
79
16
348
339
250
101
104
84
408
323
412
306
11
424
200
183
305
335
135
256
70
278
104
361
187
94
435
168
43
426
370
219
354
125
408
300
253
135
179
45
57
109
221
52
273
315
11
118
207
221
267
208
278
59
194
243
363
48
83
190
392
27
421
93
91
5
19
410
420
336
154
136
158
200
420
396
251
247
15
164
50
432
143
277
137
263
31
155
20
200
209
250
439
129
336
358
216
173
241
14
83
386
58
221
396
131
159
389
100
236
213
352
307
255
361
406
72
378
375
357
4
403
195
266
180
80
152
49
38
40
39
434
192
222
82
402
68
206
110
48
394
343
74
53
77
298
96
386
169
427
119
290
217
169
180
65
422
359
274
211
123
195
25
24
82
347
200
222
58
92
428
7
312
378
246
140
309
423
258
105
40
331
232
231
319
388
298
103
236
119
287
225
377
17
389
318
401
270
49
55
4
199
275
276
300
267
278
394
106
139
120
244
241
231
243
61
197
387
183
195
211
385
248
115
33
274
199
42
381
104
250
55
178
193
372
28
251
384
300
312
355
341
241
136
223
254
117
8
27
59
390
406
61
54
25
135
224
407
298
232
349
278
214
114
416
295
353
302
158
77
213
173
74
1
213
138
90
202
313
79
370
356
272
384
340
195
66
28
80
246
288
192
224
208
44
325
396
251
335
41
382
403
200
170
186
433
125
75
144
320
373
263
139
32
250
64
36
307
114
113
312
59
331
397
150
375
379
165
262
167
47
82
140
226
347
419
384
7
322
157
417
297
182
239
323
364
410
334
18
151
312
276
189
117
319
197
199
21
371
128
116
246
31
333
57
192
269
312
408
235
12
193
377
161
2
407
433
139
47
203
273
301
26
205
296
297
421
430
183
57
241
348
231
97
262
173
90
63
431
438
322
342
310
43
166
105
87
267
140
23
102
382
300
297
214
254
235
439
350
280
323
216
307
331
34
159
253
315
370
154
261
177
69
432
433
56
307
320
292
142
190
331
83
128
178
307
97
129
212
198
348
439
93
90
18
24
95
292
274
337
332
178
237
421
174
75
103
31
417
61
76
304
82
71
3
148
158
81
229
307
319
409
364
160
100
244
354
166
199
94
425
210
346
131
276
259
347
250
342
9
281
391
19
323
80
186
28
203
252
305
198
403
43
295
121
357
440
365
240
70
127
170
120
29
169
395
66
191
146
246
109
356
189
126
407
111
190
225
244
326
208
192
366
164
315
126
51
10
249
316
258
176
35
105
74
139
432
426
92
180
299
37
401
376
240
281
388
56
429
49
237
244
305
64
77
400
278
127
295
439
236
326
181
35
221
266
92
30
401
110
169
279
149
265
37
64
305
425
5
317
329
364
218
334
353
192
221
9
224
203
88
161
37
301
416
188
116
435
128
148
318
394
311
238
121
132
237
409
41
188
23
198
376
438
352
389
350
101
403
90
140
154
25
53
400
324
167
308
64
48
46
294
122
207
251
271
418
34
88
