10 2000
2 8 2
4 4 5 1 3
3 7 2 6
1 2
2 9 2
1 3
1 3
1 1
2 10 5
1 9
17
40
16
11
6
98
96
100
1
83
55
63
98
3
118
77
26
1
119
78
94
56
17
50
103
66
65
67
61
112
109
33
21
114
65
9
37
119
89
110
27
14
42
29
83
111
29
3
35
81
21
19
103
5
17
40
82
44
103
94
51
43
15
26
72
32
89
70
70
68
102
106
83
77
109
97
55
120
106
60
58
76
104
102
59
84
42
12
19
101
54
35
8
113
98
21
100
90
84
29
25
116
32
26
90
108
5
74
52
36
8
80
74
5
92
9
60
80
105
77
46
77
86
84
84
45
13
73
22
28
11
31
110
65
120
70
120
7
64
114
106
84
61
75
85
94
1
27
3
99
51
118
97
51
94
106
84
88
73
36
11
92
45
2
47
95
38
99
65
99
46
46
39
15
22
37
113
47
83
81
8
117
92
114
115
27
18
52
32
87
13
65
45
101
38
57
106
120
21
60
81
43
5
70
6
64
75
104
11
4
118
48
9
71
104
41
32
66
7
19
117
112
6
19
96
50
29
37
3
102
44
92
3
105
99
56
28
30
42
56
114
20
50
16
120
117
22
115
74
118
81
27
84
20
31
40
26
7
12
78
89
49
100
12
35
43
111
120
103
58
39
26
42
60
80
57
9
84
15
22
95
46
62
111
114
96
81
74
69
20
82
65
81
11
29
89
61
18
32
72
100
54
28
59
50
41
117
10
33
28
61
71
89
59
81
43
116
88
50
93
41
113
112
101
52
47
1
83
91
26
96
26
30
14
102
100
49
119
107
92
86
5
81
39
14
73
103
101
104
51
27
28
90
92
66
11
110
84
6
25
105
11
5
85
8
47
104
118
5
73
2
29
18
91
85
85
110
104
70
93
5
1
68
39
91
54
102
65
47
117
82
96
115
106
37
21
63
21
87
110
33
87
80
40
98
39
28
77
17
98
1
5
14
71
23
56
40
111
13
107
29
87
117
79
71
112
40
64
111
25
35
20
26
58
5
118
98
23
69
104
116
5
119
22
113
110
11
32
98
63
112
101
4
7
104
101
70
4
65
7
98
100
70
99
20
23
80
12
112
36
95
119
108
44
66
16
42
18
35
42
40
89
76
49
39
32
56
46
107
85
96
20
29
88
6
39
48
80
33
2
95
106
71
49
23
58
104
26
15
79
57
10
21
21
49
38
101
116
110
97
19
91
90
44
28
118
59
87
83
28
46
120
22
16
100
10
106
90
84
80
79
30
4
56
45
23
74
67
38
63
47
17
50
56
20
36
21
67
88
53
84
24
71
103
50
43
65
89
40
59
120
68
72
26
65
9
94
114
83
75
118
54
101
105
68
58
46
87
73
33
79
13
56
105
40
51
99
109
30
114
28
91
76
106
119
52
113
2
20
88
5
4
44
95
2
116
60
80
103
100
90
85
91
41
29
23
76
47
78
89
77
23
88
14
55
70
85
74
57
11
17
15
16
5
21
82
117
43
22
115
72
3
56
15
77
42
112
31
94
67
36
29
91
53
94
102
22
116
106
84
20
92
70
62
12
68
96
14
100
66
109
10
74
102
45
113
98
89
52
83
16
74
100
59
100
23
110
50
9
114
36
70
94
32
85
11
61
44
41
108
71
1
27
56
17
21
51
91
89
92
87
71
37
35
27
73
50
66
6
96
70
54
116
61
98
58
81
57
96
28
63
65
21
107
50
10
41
42
68
116
98
96
96
62
52
106
66
52
55
104
69
76
80
107
57
63
46
36
29
115
33
56
93
92
71
61
64
59
34
75
91
104
91
24
39
71
9
66
21
58
62
68
5
61
87
53
18
13
85
90
64
81
11
25
9
32
113
56
120
23
64
46
118
105
63
106
46
24
101
28
5
65
120
11
63
92
93
119
42
69
61
14
92
3
16
16
54
21
82
57
109
15
5
21
64
57
15
64
86
13
98
15
111
10
67
34
112
43
55
99
72
51
15
116
110
113
7
116
19
62
109
72
96
37
85
77
79
104
83
99
73
15
81
34
85
51
88
50
112
94
36
80
72
83
78
84
24
34
24
111
103
86
9
99
46
105
96
81
106
61
68
43
86
39
80
86
56
94
97
57
29
20
77
100
91
25
99
45
53
103
60
118
78
70
103
28
29
92
40
30
36
34
6
114
119
103
56
27
80
110
36
87
18
58
12
60
39
67
26
96
29
103
54
118
74
75
60
96
79
25
65
89
36
39
40
76
18
80
91
42
32
59
53
58
116
57
54
38
60
34
40
110
115
39
90
96
29
70
102
47
29
30
89
6
58
36
64
115
27
21
109
108
18
101
3
79
97
9
65
67
59
98
46
33
29
51
80
23
21
22
47
20
70
92
111
115
117
84
119
32
113
66
62
85
40
68
117
63
25
117
61
24
64
9
6
36
19
4
66
55
64
115
54
20
94
60
99
51
48
108
7
9
41
32
32
64
70
113
97
35
52
108
30
64
48
107
41
7
45
99
37
69
33
106
9
12
9
94
100
28
88
74
53
69
57
34
79
11
25
24
51
68
111
112
47
7
115
35
7
16
73
28
35
52
80
95
33
103
20
31
26
105
39
57
85
51
98
108
40
63
119
72
80
64
31
76
51
16
24
37
12
33
44
24
13
89
37
50
37
40
116
2
68
64
74
66
21
9
39
114
113
99
42
16
59
79
43
66
10
110
75
17
72
65
49
96
14
1
6
4
42
26
50
119
10
66
74
116
87
41
30
54
59
40
110
7
87
18
68
115
47
52
37
37
31
42
119
79
95
8
11
20
16
37
47
86
37
15
9
31
7
69
107
90
15
54
42
38
97
16
35
85
38
76
47
50
14
89
2
91
38
20
44
85
28
17
2
93
112
12
83
46
71
97
45
26
11
93
97
117
80
72
101
95
104
115
13
40
118
91
10
101
97
16
52
113
6
58
24
83
101
1
73
105
82
1
23
56
56
22
64
21
13
60
23
32
34
17
112
54
30
42
49
51
115
75
56
31
48
62
9
27
94
16
53
90
120
54
111
53
9
53
110
52
92
110
43
12
55
63
68
76
116
52
94
23
65
99
64
120
93
23
88
112
110
106
67
86
98
17
112
21
3
33
110
44
60
34
62
25
109
41
45
35
53
99
58
53
14
33
8
37
83
27
67
114
20
26
44
52
115
54
101
49
29
116
1
6
29
58
65
65
118
86
107
63
89
84
76
75
66
37
41
52
3
107
95
26
56
95
73
88
89
19
48
92
28
103
64
91
120
8
43
55
105
79
33
113
50
73
92
65
60
26
77
43
84
90
66
82
35
116
55
102
24
69
112
5
18
79
85
101
92
112
15
39
86
16
90
4
11
120
10
49
85
9
77
56
62
20
70
4
101
75
37
86
44
109
97
88
6
24
107
114
60
66
57
19
57
113
116
21
88
95
57
24
19
23
41
65
56
33
9
102
38
73
16
50
27
118
55
53
106
77
80
41
33
75
16
59
81
105
73
28
34
69
55
7
99
113
28
33
59
16
73
113
2
60
93
83
89
77
77
95
23
86
76
35
99
104
75
54
5
62
114
96
109
25
57
68
23
104
35
118
49
99
95
116
59
73
13
84
15
66
13
37
51
65
96
22
55
57
13
107
48
6
25
83
39
97
69
117
29
11
61
2
103
75
55
44
23
102
48
103
25
97
11
103
82
46
92
51
79
113
113
33
72
69
37
4
64
69
46
102
109
111
111
89
39
54
1
20
59
37
73
98
87
4
4
91
37
64
4
24
12
27
29
3
7
74
92
52
5
63
23
7
82
19
36
53
86
13
57
19
27
87
62
45
8
105
37
56
85
108
25
80
97
38
101
85
78
41
25
30
95
90
3
21
84
107
58
68
80
22
99
64
21
46
44
53
113
20
19
60
85
58
68
111
102
94
88
76
62
5
12
36
87
72
86
103
28
109
12
109
115
91
14
99
66
55
45
84
106
92
24
23
47
37
45
74
11
54
51
91
45
74
37
93
54
51
38
119
75
12
56
96
47
103
27
119
20
84
13
108
87
86
42
81
68
23
32
48
5
35
109
32
49
46
61
74
17
50
31
84
10
73
35
93
88
96
38
80
20
47
15
37
12
29
36
118
106
1
37
18
98
80
26
20
84
34
114
98
52
66
30
115
91
56
75
59
21
46
49
27
2
75
43
115
12
118
82
54
1
74
77
47
8
103
105
33
22
62
11
100
21
70
102
44
115
47
60
56
97
56
78
115
51
81
37
90
101
109
3
75
3
52
62
60
35
83
107
22
19
5
71
108
19
73
9
12
100
74
64
78
13
61
88
48
16
89
86
54
101
81
119
90
6
98
49
93
82
86
52
68
48
34
20
44
76
108
102
37
98
2
52
26
118
36
64
11
19
41
13
41
66
90
24
116
38
24
50
111
60
57
106
38
1
76
118
52
47
62
10
84
72
39
59
28
112
4
84
116
78
83
28
38
42
113
56
71
18
22
2
45
100
45
58
9
72
24
114
101
83
54
8
26
14
98
109
109
101
1
84
87
65
35
95
6
40
33
