5 2000
1 2
3 3 4 1
1 2
2 5 2
1 4
34
27
10
18
2
26
11
24
5
32
21
35
12
18
31
2
14
12
33
18
15
2
15
34
24
3
24
30
5
29
26
11
31
16
13
4
19
29
3
25
34
11
19
14
11
25
1
24
12
24
14
24
28
11
25
5
10
20
26
8
30
6
3
21
17
25
16
15
34
21
12
31
20
32
5
5
17
11
34
9
35
13
25
33
13
5
26
26
30
26
1
10
15
10
20
3
27
8
31
23
23
3
18
15
5
29
17
18
22
29
20
19
10
14
18
15
13
10
30
2
33
6
14
19
13
27
3
21
8
28
35
23
20
19
25
19
11
21
29
21
10
26
7
8
8
21
27
10
5
18
13
10
9
28
2
1
18
21
17
26
25
6
9
19
35
8
7
24
9
12
22
34
7
10
12
26
19
8
27
1
33
16
2
23
4
33
3
16
8
23
30
12
29
9
1
5
27
33
5
8
6
21
14
29
22
6
6
23
2
34
4
23
20
35
8
26
10
30
25
5
6
35
21
33
11
1
26
27
2
9
5
19
23
3
27
4
35
17
16
28
24
34
1
28
35
26
14
15
29
11
14
25
17
23
12
22
8
16
1
17
3
15
22
16
9
22
34
1
9
10
7
24
9
14
8
9
20
18
13
14
20
25
26
14
30
32
24
14
33
2
32
33
4
32
25
4
26
26
25
22
15
7
28
8
24
30
35
3
15
32
14
15
13
35
2
31
12
26
1
30
34
7
2
2
33
31
6
5
18
6
23
22
5
22
2
17
12
4
30
16
16
5
4
17
3
21
27
2
10
12
7
16
12
24
10
26
31
3
17
11
27
28
28
15
23
29
20
22
7
24
22
35
1
30
14
11
20
25
8
27
14
26
31
34
31
3
10
33
14
3
34
30
1
30
18
30
2
5
7
15
6
10
19
4
14
22
21
35
24
29
31
5
32
7
9
19
9
3
14
23
14
28
30
21
2
9
31
3
22
22
10
16
22
6
8
13
14
5
19
33
2
6
8
11
12
13
14
3
9
1
23
7
17
29
1
29
10
10
11
35
30
8
9
34
35
15
14
25
29
10
22
15
2
6
24
22
7
10
23
19
26
18
21
22
8
29
27
24
24
18
1
21
30
34
23
16
7
5
30
1
5
27
27
4
21
18
1
11
35
10
8
30
32
34
4
20
26
19
22
31
17
16
16
5
23
3
26
21
33
21
34
28
22
27
33
7
34
32
35
25
9
29
30
22
18
4
8
25
13
19
17
22
11
22
3
22
15
3
3
26
4
22
5
14
18
27
2
9
5
25
1
17
6
35
4
33
5
34
25
7
4
14
5
16
29
26
22
23
27
23
8
32
17
7
6
1
15
27
35
18
21
3
19
13
10
25
20
26
31
10
6
12
30
20
13
20
6
21
35
16
17
17
30
33
10
34
35
22
2
2
35
11
11
20
16
35
22
30
1
8
3
28
32
4
8
34
25
32
4
7
4
31
28
17
21
19
15
23
19
31
23
2
23
6
9
3
8
25
23
10
22
2
11
17
29
17
30
21
8
19
10
23
11
14
25
29
21
18
15
28
12
16
20
3
14
22
18
5
29
1
5
30
19
9
34
7
20
4
14
2
3
2
23
5
9
27
4
20
30
13
7
8
23
26
34
12
10
10
20
19
7
23
27
16
10
18
31
27
9
25
9
23
35
23
12
5
30
16
9
35
20
16
26
5
15
18
10
19
14
12
11
25
18
17
18
30
18
32
27
33
11
27
17
33
12
1
22
3
27
16
29
34
22
4
13
17
8
21
30
21
5
2
34
21
19
26
16
16
19
20
8
28
19
14
14
6
27
4
17
7
10
3
21
7
3
28
2
15
20
25
23
29
18
16
33
13
11
10
22
11
17
4
30
16
25
4
30
14
8
19
9
4
14
2
27
31
9
34
31
27
33
12
12
35
4
34
18
17
2
24
17
16
27
17
15
30
16
5
15
22
13
15
30
29
16
25
33
7
29
10
3
2
9
8
7
20
12
29
21
9
1
30
17
7
5
28
3
23
21
28
25
30
12
35
25
35
19
35
16
25
24
33
20
25
4
23
20
5
5
26
10
24
22
22
11
1
26
19
10
9
22
10
5
12
1
24
24
20
33
5
8
18
6
20
6
13
20
24
2
8
4
9
35
20
29
29
32
33
7
1
8
26
13
12
14
11
12
8
28
35
16
23
33
14
12
21
32
5
17
10
16
2
15
15
11
4
34
29
35
14
12
17
28
23
6
4
24
4
13
25
25
19
1
25
5
32
5
28
10
9
14
26
25
21
5
14
5
17
34
26
3
23
25
14
33
27
9
10
12
20
15
13
25
15
31
19
34
23
23
18
11
10
34
4
28
12
7
12
28
18
9
29
29
32
7
5
6
26
2
31
19
6
24
6
12
26
16
6
34
20
11
29
16
11
21
8
13
29
23
4
11
4
16
27
9
23
1
2
5
31
17
6
30
24
23
27
25
2
3
23
21
5
25
11
24
31
11
35
30
31
12
6
10
1
34
12
5
35
28
10
21
34
11
25
26
27
4
12
14
4
29
30
19
1
20
29
32
4
8
18
14
19
33
6
6
10
15
33
35
19
4
4
21
33
19
24
3
1
16
13
18
2
28
10
20
28
3
5
32
18
4
25
21
9
5
31
30
6
29
5
12
2
6
4
35
4
19
7
34
9
9
6
22
27
11
3
2
5
4
16
23
14
23
10
7
3
18
32
35
35
15
19
30
28
25
19
12
29
14
20
20
2
33
32
28
17
29
34
7
13
4
33
28
7
27
29
30
29
10
11
15
7
10
28
21
3
3
2
26
5
9
24
15
8
24
32
5
19
29
28
24
19
3
29
16
1
28
29
29
26
25
21
22
11
22
13
8
6
22
3
14
17
10
1
7
24
21
34
32
4
27
1
20
16
3
1
22
22
20
30
18
14
11
5
19
19
25
29
18
32
10
21
35
2
10
17
16
11
11
2
30
30
14
28
26
13
14
34
5
33
34
20
24
33
27
20
11
20
15
14
21
11
35
26
16
34
25
13
13
4
1
7
35
22
12
9
14
14
19
17
32
12
8
20
25
1
8
17
4
18
4
30
28
27
35
28
10
32
2
6
17
17
13
18
6
17
13
10
30
35
35
15
23
19
17
15
11
22
34
34
31
25
19
14
19
22
13
27
31
24
23
4
16
10
31
11
4
33
23
34
1
29
7
11
11
15
17
13
22
12
5
16
29
10
25
14
35
21
8
4
31
9
34
19
26
33
27
35
28
16
3
7
20
2
21
17
13
31
26
5
7
33
18
21
21
25
21
2
23
3
35
19
17
1
6
32
13
6
12
12
5
3
15
29
19
21
7
32
14
19
11
14
13
16
7
35
34
35
11
27
26
34
26
11
16
32
25
29
26
5
35
13
33
5
23
9
19
20
13
31
21
34
28
1
22
14
29
34
26
28
34
30
6
6
3
28
19
24
32
6
21
16
28
23
21
28
10
5
26
18
30
30
14
34
5
3
26
14
30
2
20
20
30
3
19
13
27
35
1
23
31
21
20
29
23
20
7
28
28
11
29
6
11
26
26
30
20
16
21
10
7
32
21
12
27
28
2
35
9
14
24
6
13
17
15
33
8
13
26
22
7
35
22
13
3
5
10
16
28
34
26
26
33
19
18
21
23
20
5
32
23
31
24
3
4
18
2
29
33
14
32
14
34
18
4
5
25
29
10
21
30
14
25
12
20
31
16
15
6
7
18
16
28
28
18
26
17
16
24
3
22
27
2
21
18
17
15
14
19
7
25
1
15
10
29
22
30
33
29
26
6
4
18
29
33
1
8
30
6
6
34
11
8
23
3
29
20
8
20
12
32
17
11
26
32
12
16
7
31
20
15
4
8
5
15
18
17
23
12
14
16
16
30
15
17
29
20
23
31
11
35
27
19
18
29
29
9
15
22
30
16
5
25
24
23
8
21
27
2
11
26
13
23
16
23
19
15
16
16
5
20
33
35
13
6
27
14
1
20
13
17
18
23
13
11
7
14
20
16
6
27
14
21
12
9
17
17
30
8
15
14
32
34
12
5
33
33
22
8
31
30
25
23
11
16
12
4
35
6
12
6
32
34
7
23
24
30
7
28
32
15
22
14
9
11
16
16
16
17
12
32
31
12
1
33
23
20
7
33
35
22
11
25
18
30
4
7
28
34
22
5
23
19
11
27
5
21
21
22
21
12
28
30
24
35
9
10
22
10
10
19
19
10
1
33
34
34
11
28
22
27
17
2
27
10
26
8
19
13
5
21
14
30
10
11
5
1
24
25
20
12
24
9
34
3
8
12
34
29
15
12
22
1
27
22
21
24
1
18
1
12
10
35
5
19
11
18
20
2
28
2
2
11
19
28
30
13
24
35
3
15
9
2
21
9
4
19
33
25
2
2
25
22
1
32
23
14
1
35
25
33
8
4
25
11
6
27
4
12
1
14
6
11
20
15
26
11
20
27
5
30
12
5
17
10
33
19
8
11
28
